1436965662618
2186402763022
5208404608009
6113483809224
5255657386313
2986167489868
1445289610598
7247357662185
6836785670766
490784981719
1341798512739
3524208765874
1062245874021
6216786724961
9779573516718
5477460413457
7183547022485
1878469756270
2590079591393
4004478463514
7196796522421
6378272306608
6323069327172
8149038356917
8667039324666
6981592184486
5763633198851
7203173595057
1643357031851
6923428809870
4090717722982
9803355576325
6830217553500
3588992119688
4911153757025
1846824971320
9303206165666
6430171083298
8677651535727
7259277457439
5081383821517
6569700433701
3466176133118
1906060015183
9804178851406
3761798069110
786807027094
2512730420322
4830683141677
959219423426
4895932394207
6702245818205
753303095319
7904530614278
2305078114179
9258283499120
4280024249496
8151078723404
1149905000735
5977913227125
1907212502695
8958455064617
7157178693574
423490645657
8097705358632
4235526318075
7150846820377
6022541872325
7898136613109
3538251930176
1526500677638
3098111128762
1425903047585
9085224324193
6153641840954
740712468213
9340042621300
2374331770226
9913721787081
997210555687
7128042259509
5209945279838
9213650850259
755825434299
825691968443
9895956960972
4906551114633
9585461671191
6006635014315
1826860815636
7316296949808
7612564580871
5332348178494
5317957888902
7847683388795
1042942358609
4094103267214
373929011801
1534346256163
905926296246
