7635260868651
8239646770848
5899300323959
7162656872881
2703853218952
478226707790
3442147094774
3874305393944
5557529146517
2395407990788
8398478188397
2742399805087
8055601115108
2579182183172
7205280530221
5136494451762
5146876402841
1702447862666
2683393580584
6750320198735
753429423867
4686750613563
4979568094875
9470116432771
5968546152322
7921471607104
5990546616712
5468182781264
5538856522139
2507553534064
3840678998561
6918840667549
3738572511620
5479879377969
2139681809492
8098396880248
498604682447
1782517115906
7581403974277
2629520075006
3847018648033
101649757319
6843348464305
5906168001661
9581318533822
1804068769952
7993991286780
3017155835159
3459048570535
9255887614711
5219996882027
3751936664239
8016903994272
2118312694872
7434979149035
8135652048948
2123662242002
3446681641498
4524098899018
3566964015981
1294160619946
9509750220712
2930951825993
3490810331862
719140312684
1152305434069
6460586666469
1879194534093
2798449784527
8664687775165
9261108530781
694866876141
8464173950587
9402148775084
8933789588092
357140341274
2447978004894
6489025492075
740614475138
1060164461366
4671855537565
5996463164699
9808827656638
7911627863702
5430345282694
6252455503425
9773125549606
9387956423718
5108866037905
8232185414367
2842372251836
1534746614929
3436349656303
5265338211228
3745339214130
3465237349942
3710053654673
4933612785841
8816147801772
4547079585605
