5582749244758
1933513984864
939601416492
9497757103002
4115004852059
3077126368430
2692732327561
658342731185
8164150759333
5343938914236
7195141233473
2530546652380
6165802514640
4099306447358
2593144155982
737221298396
6559710271808
9413335527284
1990244572476
8926036180700
4858147702390
8901594569388
9510447204012
7885804845890
123080400254
3949411091034
522563372565
6708613910642
653190873849
8730089398086
8694370786690
875957297613
1748916176960
3889003371928
7852171477126
5749305694453
4524664983214
3964667126535
4068350547762
5203705921503
912045617411
2687988252568
932240543750
6891056013644
1101937908490
5835641867555
4686398144223
6301048071993
8730468859572
1428216380140
6773269335449
3443755447232
7336645100026
4006280367152
9961042543093
4174147055394
6589221272008
5422463358642
8475723655233
6034320849670
7448027892586
3864682606189
6118370491548
8930222589870
1525675133820
1114437694653
7932644408404
2150748700049
6140128028505
5197804200939
4513590389140
9859559934641
8602504603341
8770565965280
217350739856
2505993907154
4581240719085
6405040797184
853392508502
3428930854599
9751795024644
4244920904816
6464938670981
8796963065990
8180208714773
9983095118614
9332236896700
8227752294218
5582720464307
9403326094925
4288544883675
7256131318020
5227313605943
820413223672
8163220979191
3408052558474
2696537882101
2200576044242
5170669878182
4054285075510
