858573064326
7712517417220
1941439109613
6571787090682
4179025620541
8846461982703
7779215143206
2718655757319
4243010497531
5451300919997
1346258069548
4101709108840
3305542977982
3417476138336
6659061689200
8177960079193
5053724696511
9454047648351
6146289286
9058108492851
8251968929636
717853804664
642023818846
5991762846522
3876146173513
7511551302907
311168546776
2878712939569
7796387980105
3335430534203
3627930446077
2773758059675
5402268413732
8443226151191
7850222610577
6920522440007
6107553695469
4288165224449
165322305894
8475208308802
1521666905852
1348659266813
8454496387019
8935665639344
1183312704689
4704607259674
7867575497636
4276696326971
1151330717453
5179391188011
9023726784507
2651644563159
8683301166107
2871708706457
9037095171785
8449845808944
8083070674947
1204900102109
3058758960842
2650275648995
3717612254688
7302092864811
3930217685295
6132080243605
3455958261067
582990561515
4310988361721
4160405679995
8899559908209
6858560200874
8977027329225
6616586863777
3165943064514
9405342254085
9462028877621
4758114854596
4519832864185
7242543487692
8538127306201
8472071568254
6215341257682
7821747854691
432416211096
5986646136999
704567468592
657917131495
7307919386927
3640240116063
3738477780322
6663378719718
9064661214034
7681874726824
2062413477903
1956167325343
1899158960054
386658727365
5563917795633
6454505370831
6950737060270
5592082039997
