4016074022476
4540285915030
276456894012
3992314366998
1259144163400
6757431544188
4583716505172
6826662349710
5959243712134
7807102913371
4508034393740
9959510675846
369255837153
32467444085
6969793017105
343571354340
8026784195429
225396346719
5824458697918
8460936342543
7071998179093
8302869583144
5118034448076
330706697214
249147314363
6917174692852
6623610846180
1175458756202
2388627669528
1012808383507
3129711899599
2345796106185
2704604497760
8626623689229
7488067986155
9101084450614
4940678334721
9040591185119
5122919145388
530912953949
6874256034454
4118788897347
4188189155090
3882159812784
2087200755191
4970190825511
5436367439669
6914399952159
1849330326633
3723477502959
2941254149652
907248139017
3779918771426
2666310281892
684844044270
99689807319
5185232464255
3633875027468
1026993530295
8463216003835
2068572664440
648689141885
1422225502360
4992646593666
217064977807
7184682970729
5126793808029
6259660200244
2029911273862
3361999553150
3422812316864
6167754083086
1337014051644
9934622637659
5461589814433
7936832745705
3038778913297
754550890444
8308848587252
7838627866330
9672942562359
2748279847877
3684437689949
1927202752512
8960566167612
226495157636
6007376864616
4632722773782
8448141086171
2205540600219
6625350583336
8232973590000
2746418595971
1129728623342
87158317294
2010990667262
1680112431413
6697726232110
2042360792429
5697704647356
