7290482951122
604863605182
8657016920778
9519068438843
9263360291969
6259790949979
1659565872906
3406445893371
7735984390181
7357117833763
3324204566293
4873133026292
2885594944480
390441926187
7749970262559
5880707903558
2948209082599
1502691970755
6446105920491
7565089845751
3920313417806
3027155712637
9738792418359
6793465662683
7673531802525
2975617408233
2865531831248
3654139724341
6493387105538
6672044573317
807424289325
3499600136293
1393590310867
616978609676
886727179449
1448930415885
4353333575085
9132472593262
3178231528351
4011435913370
2664986892576
4749646986553
2351834290871
2141408612125
2084770329209
1684395020986
912927991590
4222301306426
7656676817601
6761271592120
9064459927463
673500921294
7773492259427
739808365005
4134366813214
5273694817434
5103333067641
827837955797
9751961640775
4748331447817
5686080439861
7124846878097
4475842240227
6041530824619
690601710702
4844065191022
938395648226
5803928608466
3880463844709
2329776492296
6373994600394
1461189318102
4173241688671
7262744808063
4325270288955
2443694211535
2742655553811
4343959867781
6862195665731
9058477003488
1991704273843
5731150995127
9272797743350
460081423708
8923402901916
11067118369
8108949734550
5478113793744
3453423360119
58028175949
5427731118583
9966490643506
9308168529607
5455709014104
6776672936313
8996829063464
2735283439936
8239847099850
9774640225072
1600916371460
