698227590670
3646066279490
545132808563
8365088539712
1688086367983
7520747839330
7264909123235
7234743180597
3733525811563
4023322550353
3924997938626
3389577505603
6631439038835
3682188614770
9055028172090
15624285529
3301438448597
2298039316386
436260433661
7949958053032
8662044406506
6951836586392
6067507646406
8162288084941
8964389246034
3179646571164
239430541943
4176630984715
397574066925
7631163288912
779389202375
7331352454980
1575052115909
9033515298869
8618759170938
7054935562108
4280346310418
7686403562251
1180951252119
5734844341318
4508366513293
3426499496119
4623290576424
9805136563303
2390335729572
6943627865256
8821314508657
3174376185122
9329104590040
8957291067206
4447628763143
6341522122344
2844666597763
7704017632321
455227059892
2421454765953
5821565904688
1381228818475
3653973341765
5942953724753
3788778392552
2575214169734
1790542118902
6570502413874
6149791969615
2009100381055
1973337347786
9164468257844
9486106844416
7330594052705
9228737411279
6976082078473
5188763060235
5674498757300
4507663109638
3530339220708
7948473637207
773010651166
705721289460
9123408120996
3351198384639
4147808324563
8320507290063
552755020979
7394538044515
7280106026690
7635850356037
5702416844482
1301732297639
6204361182997
537490124861
2108403898773
984271661139
4373922661496
4975725264631
2736914012984
1390976680463
9263519577437
6762919986589
5688843240469
