6222281290280
9625238586674
7692706505208
6995116346347
1255988459892
8315814265119
5461869483135
2061903755069
5562970653868
4857846831340
2916687852039
73681838300
2429604779207
3955757081449
3315978786286
6742757521223
283568115922
9236389598445
8368888563487
577439851990
7425977278909
9660140836144
8399015605834
3042861259205
9656528345711
2150293560989
516569441362
7878352069808
4387149512466
2161100274693
4637555571081
4028490029
3402439623129
6346009408284
2202584684144
8625644160472
4173186112880
7786877519084
2462140338682
9198098421814
4192951143807
8386697734467
1027731380699
1966753297692
335853784232
5803623706559
7040573193447
1912868107282
8979591457094
525281302629
386465164299
9047295083028
8272356908783
17817649087
975181418862
6986816966745
3219115006980
3912160917486
9016201428250
800013992481
776132844475
3183775116139
4295206231047
3491609905046
9985932414147
4929158654180
2377898895509
1742073820380
7580544493613
1812458069381
6121507732301
1936014131551
7532994893883
8075780817059
9102521341794
7049813047120
8560342508315
7347389939398
840785117676
3494186705884
1817698815463
1652803584089
7199025191149
1683276663691
1709404179970
9173298582377
4578785796247
5796616494253
9766238632439
3424843549067
8635042718255
3336495182086
5301944889505
4814714509572
8165365442679
5179807818572
1459645510540
5616128160252
1134601883787
2325886786819
