2276441334481
421441291922
8494170976061
5783098393326
9027987573547
2564824485467
4210616253589
3042520224783
1798724309259
9851117717634
328765011063
2215730317676
2058008692171
5391666966948
1489387902457
8147375140092
2907994981689
3739573369094
3734323889462
53897820335
4970629029525
8461972930877
218765936014
7859678772351
817022962631
2492492152733
1250663054342
6640243188965
8977157526228
4430668718896
9535492520892
7658255984773
2833566141891
8086232867499
7357429022181
5261036964311
6959307537098
9295992858479
2983513118424
1081796427323
364543904106
1509565534498
7163439909300
4138395022841
9903816308154
6472755649796
1883857699963
9015547088523
4589618017135
2048458812794
55668268692
1138302322567
5170631591872
3286646164842
2120662071611
7141279555833
6010253022686
3567187931176
2808313634199
402256429567
3099639725004
2013025196404
1767654189426
8106103221217
4927011218361
6304418102393
8878479093859
3263945171370
5890238868458
2545729127100
7340433245873
1942874144618
437991333873
9009265796020
5169691457814
8563238064493
3357685240284
673568304596
5233042575339
8363936816441
1356920743459
6105516527400
5555194850175
978502401236
21701063204
9493871160746
6367943756180
7261301116421
2710774583494
7756312151043
7236271287658
985573261384
5559330187269
6521950150837
7708219727225
1163546160731
6784481591889
3862569655150
9789969508746
6062046504100
