3810145736125
4748239391006
6311557133813
7381489676308
9429540140955
290165027227
6154202564040
4587712329375
263563790303
8979049867226
2397464431106
4064723366000
6014302465799
9499870091294
5631519188555
5536410510461
8774971748665
19309564551
4518190553869
9831426935748
6384171909153
3082348504168
7560062423903
145365132793
8635569206612
6020021924561
608467922737
5129149860584
1333199499272
5209943445220
6067077052342
9337241382355
8906028673270
4692656944543
8574976171347
8596327940349
7596453304674
2814733593680
6325187005851
2054677164845
8961974112148
1357757668162
7222411226969
4664541049966
2211645080678
5967732644914
8207618585255
3076354095688
8184401245294
5570398776128
1027523557370
821810002495
6033222875634
4673343584199
6699401790732
785621207692
3614070127009
2818668310171
4176551240087
6832133462290
6169602562049
1284452368528
8599932657161
246846294270
8612906407333
5414044253777
6517428933403
1329334244564
5452945325582
8364614333279
4124221329321
7223508603459
3860002016009
4423345824792
5491985023327
7498906943766
1234589819885
1362296318421
5039391766310
6941696214715
9474407129008
8213596086174
2355929314526
3650647644721
3030403702651
4769878302985
8987307205012
7355487031553
173628461007
2774088464062
9159208325933
8937567624610
5200651800823
4894484621839
6305474872221
5969685185519
4980761408563
3759491729292
7078052511803
2340122798217
