7887630665788
367472995001
8601402012667
407011251663
1985126783247
9140734993365
1227915494093
9532593526764
5043149356527
1848292188311
5412966748111
220816303805
2430788257803
7356300123670
355809229427
4165442809239
93500230401
9005462142287
4506769977374
7220363197484
148375354122
7058667825546
9544936910477
7609861542038
2850691565947
4509214638342
892457859418
1841834961721
6204645512016
9402025536957
6415942811632
4449460572568
6371399673175
3749018476538
8696753433501
8655297695554
3442467082647
6353058316108
2282098903456
4704856760024
1859727954532
8179974585710
3367254959116
9898999772326
5757288507484
2611572600166
3129554949356
4747744583407
7903329056549
6617835027036
7437050456830
4085790360538
6062061528057
4761584287566
4850083864068
3989433001395
9989554592575
253281438917
8360784265921
2239033921806
5945343883660
6057505359327
9663303082667
6282475218541
1425457751881
6741145128278
5437208902547
5453418601992
9116080180879
4384881278497
9721334470055
8681232012753
854799268384
4135609421984
157266775535
3540253782680
6214015301421
1516461359264
7409498822085
5799451886194
910923833686
5717898334931
355123223678
566700362781
8788042072049
2059554568817
7098013613719
8506271042874
3645146178823
8047473210981
2048969478947
558627707424
6343107802489
3421846228405
686012146758
4578702970380
8294872759522
2731449122599
5832786322188
677512810263
