8160737201786
1436168054717
4357058263925
679705306012
6027998947138
6616054046798
9010753103818
8809469023948
3770835440847
704189781978
8095986608356
3726460089412
6295949743077
9157804023281
1641811252037
6956067746416
4754404055929
4079611640217
3845247467949
4602171651962
9917689477851
584536366073
7220140303382
5880602654767
8315376530748
4709337149923
2973055731639
6407944239884
6703653958633
3942286185784
3857210283098
1666106860212
751550600218
5004850768844
2715378612420
9824901406671
2436227523451
7200675083962
1994791789637
3137736547157
82265103410
4430225019336
6663208800979
8902967165854
9811246678952
561912500072
5068784840901
8344941265344
3629572909182
5849782445126
3131217200623
9249437495269
6813878773420
5108182685832
5001688164747
7989414795070
6308637208765
5706632409230
5148235303325
703888031204
7410718224559
3930522780164
6161701188793
3057285489927
663592912339
1141107117150
154608833159
3237103735165
1762732178413
4947441490140
1307706540741
7312486435009
9390748647131
8323600421890
7579457694590
9223965905013
6812160464658
4033824384938
7190043811559
2273906142921
1555441755062
1859232223154
4747491004816
5446250335786
3317369425292
7731282341382
6836342334241
5729008084982
7164131479496
3716130192729
8364021395468
3521535616182
7002256892867
3085447500818
3830220448529
9621461431819
7768298245298
4406983900540
5814782188338
9255821535013
