4250243274995
5146952126669
91213214609
1635805635644
5266490400217
6527007338269
4845289280057
1049828056028
4973904681017
238677763287
7138908121440
2618812303070
3408168421492
9567869379022
7561020437169
4204624376621
450767106955
3019140647063
4058055687843
4476318395221
5743510305822
446135501340
1658754746386
8782791968127
1412181557508
59521562392
4301756106568
3233211787022
6148593703786
4229912367812
5145170180794
1659261348902
2640967394999
5951367790572
7615806820594
6197623861405
1137355120306
102509691289
2557001005136
9902139470261
4231597400297
7623651931350
3739122014939
1910038772762
4309456857877
9436377418428
9240381272801
877309960928
493369732808
2893333594514
6850953041595
5457657220655
5062328896454
4931282458031
8561404978411
2908666179129
7674196763409
6487765796051
7400218066438
8668971245236
6885470105205
857338894445
3032235885526
4512350798650
2280850536437
453288606269
2599461465936
3724745327574
4004571324797
762471680642
5616092245004
8591613517087
8282087800100
2407319186756
3981026906528
2747056077562
3196991105936
6517745253578
6924952102390
5426874895980
8014924961787
3190736168770
377210727126
1419114366704
308979445950
9807616811609
3546680155842
175973067860
2183981075804
9625243263746
5538647764439
2584570308973
5796769208145
8537990478781
6416304479551
4792320887431
1419716311389
3221860535241
6240426842060
8956811163206
