1444961144379
7905188096500
6274937972192
1535249938107
1036289597308
6751446440006
6270577235315
9542450775990
5154390265288
8681410093402
7307322078912
7052874397478
8316364715720
2305497319906
1498675052497
2147668304848
1752100025496
2117870627042
9170109026060
450577474495
8122665722600
482900228836
2878654428211
9587561089739
8660222139208
3348380851717
5330521448038
2162176685182
2432254664784
1254489386341
1025090363026
6521278692195
826173663349
6222864028109
6425835587451
2842069418715
1421618470717
4114261758235
1075466892467
63762751479
9930537736551
4984295106749
8708555462698
1490844022149
1646575903867
9358069110450
7740096790002
4026728759047
1482406552277
8907837191902
7926652162530
2645513735050
4184711520290
3562116607052
8042880638545
8586958402097
1096887990674
4030411298976
9602771732409
5349321579583
5418404590716
5987105389568
6962180140056
1995570472494
461681728586
1466877889214
2285202787749
7139174354911
280220917640
1508293962027
7291860353538
4205621326044
9105467753281
4532471101274
3127315859843
982421445037
856935568206
2007253679780
8431641257735
2429011034546
3126637622413
7991709299414
4421838916694
566783154919
4926750999158
7791508424093
5065711014429
4836165548197
926260651834
1464834334448
7512586858595
2529500613300
116784374698
6917274554648
3023885301770
5089345374806
3186605527093
1271800453076
6148285545979
106853907384
