5182545189872
4110036185614
3386938363409
2911792549224
1099702354946
9568313199941
3137155253460
2335425350109
6974572205034
9291711333698
8775646645532
2461465669406
2904798810906
5950853388231
5813950884250
4552245012888
2258912820104
2298812295926
3244470669884
4847988042543
9388917183519
7974172845379
5660261508442
5834465291833
80658923126
8861450298376
4570899894877
1500952243794
9512275128099
1998382197497
6143265499626
8760007636525
7580648530705
7766525791877
6038198146480
4181670951744
2172924777821
182430296194
9037090532031
3952158808778
1530171354940
9819242680671
7231837437484
6288101889680
4229260320516
5545842800451
8389977991921
316108140066
2060207793832
3455841034989
7794261212954
4972361761341
7104061849686
8253378223373
8173828094164
7654814439210
3003057878464
1274195045365
4396781582510
1687651316459
8775660007451
496475741424
765206855413
7631572481081
6843718746480
4004497118768
2820426159528
9833279519547
5052633544427
4249799914776
7669928107486
522108706396
7420260754750
8543281308341
1597457083076
2564170560683
1334250068425
5816466401880
8478289266460
5315219227139
9061212330263
4289443068778
1326971660703
2131139592412
8109519827603
883051237084
1758355351188
4966163821776
2599267495231
2259877545255
4918907174088
1759274192268
7608933309147
2404006293407
6415872679113
4422725228037
7410825743119
2728642615559
7812181237382
332418657638
