9553705015172
8567825049634
8417388589974
518242188659
1818098517851
9573356555878
1241526715949
6559595926777
7563017802983
4613236343147
533158728999
7682621015535
7843204432409
6485539138976
2114946058180
7043380680961
6833585614074
3464799302207
6499107684220
4316572842208
315279535604
5867129901332
2539403441755
6646680836836
3886165922804
8933336819570
2505299314166
1282419911628
9260942619229
9212329607044
3525992821125
7271014771672
5675844274513
7357855445430
8574177869733
6502240308721
4459580643524
5704234375882
2902416622645
5478609931507
713045311014
4420852794607
4665394388593
1500860438880
7537476748591
8351107269667
1421477752358
8559739061220
9154757789479
1875049359621
6908309389531
2282396855702
7175093725631
5698351032278
2753925142747
5409851322454
5365725215820
8317680029860
5752572766241
3187383080522
9256167405825
1726153974426
5411933949337
984593212289
2375868200433
497676311973
8207020356270
9655581763143
7891792311897
1700879413763
9785386718115
3483456623635
5024376548636
7962052986000
4324205048995
1740186916044
2447054036869
655952933140
8810994024471
3393863102732
4322884244331
8507931904525
3575105048328
8537463496418
5139851753250
9763533422359
8632081759842
9024157179091
8245019353526
946530633458
2899671825609
2804839341944
6653972565849
3664973833023
4474769532685
5034801139454
5744887958722
2864698441453
145280202859
9081486640062
