9025765540931
727480881268
144673637930
1165641191636
8529983104406
9518793444309
2810692157690
5155847565833
7248196269717
9401346912062
1372711240214
5856877325127
8442820679038
8814194880924
5357988402381
9105119564857
4552927984328
2602537238043
3523411157726
206494446402
2740137008495
5417594937761
8241840593080
9067452766119
3920693805403
8989922263055
4997797722508
3735234190769
8457179873269
9490047013891
6498685638654
6774429335387
8991093176519
4050580771529
324422233563
9932911461593
1859645018432
9237018736249
8555632082034
4463840782615
1685126072957
4023434613787
8083667083361
4067282227491
9726786934357
1589280078014
8386388704069
512140855892
3560839333460
4327323410876
3300668942281
84483923122
6290517506641
184075469416
2990355053222
7092296074498
6605227471654
3817918494663
8024766077857
1417598310800
7492113619063
2507173244664
5855234444271
1632228275797
5778285545834
7344163332230
130224956884
7391617010167
7045365624061
4138062271806
9855926609847
7988443722649
9657858591337
4198396764883
9846960622039
599313174125
1445412402496
5479459963576
5208926534551
5770769995476
4769842169957
6593730750078
8479160654102
6249098403636
3460055936975
6939548713328
2302023999390
4588489877061
3610437004422
5842823745683
393258696027
7446667448880
3114791870620
7873450579367
9755085154473
9597266584369
2963566732259
7516954917276
7365203472730
5908313483050
