9216362936829
5297871219236
8180706383695
7848295241895
6705556085009
8836878305548
1455093576806
618783585544
7912783836045
9851712759947
902096145050
7836310575654
8129018662061
5765494413149
1236293601433
3716355457246
4708846301395
9498680035866
1105635999164
1839578484967
8469318884252
4725240291070
4186281622970
8378579966569
3780723696843
6628400640295
4265353310106
2412706808035
440402799620
7259690517095
5067999980853
1943786914746
397245086589
9633815949049
6622507190611
9361707457444
8727994004508
740652816883
7312619862646
9107340438976
3497839181007
3213665342814
9662096252073
3948299683230
6548809910869
6249819117546
6811893888347
8665274666573
1624049305885
7950938244299
3279977346272
1828042475255
1708010148985
370377030703
6619073194876
4970281080278
2324975031872
4789243807763
5128406957145
5433533614076
788496660886
4607631577249
9387527391625
3157471278450
1362835478594
1244038357024
2014982701438
6452252423448
2885493309749
3990066743165
1189377709815
4063120828017
2691917950597
701832947632
2364527357927
1982752179286
3022378244848
7185762897190
6239106377504
441205630220
4179739118182
3793507958162
1238474079107
1434684273405
9475616608695
1091234510931
4452755010154
3870546195867
5779088953947
2018097698470
8039922655140
8633785174761
7335735676749
1937391467074
3006551264476
1949945753248
5627892527572
2720432744889
2203868395165
1007661220460
