7093401300228
8889749181173
6547707008441
7906797581085
9791258942787
7822566848115
5210790408881
3581099510989
9385702667413
8035219878328
7751238145308
9107291396648
1223244365421
870407870961
6300586711250
2597601195672
6767592632729
1767768425814
8426275619492
1014426142826
7852491531291
4330607003700
3627861722139
9252990168278
4262172548852
7113387894470
3228589300743
5424581216946
4741279984973
1319281755218
8213142281527
3109000437771
9586505097020
1625980770935
2079532036729
8154776444454
7792467683784
959428067350
7265024877127
1406323213821
9310946391666
442451194950
2173618555605
4863127954568
5638756260218
9660578477204
5696777037728
821525822533
5643350863835
8958787582934
5204390397100
6038739856310
9368719757382
473109556268
8572998338287
675443426383
3628018714453
7575234583884
5261727690398
9030800994369
7149941362542
3125324863036
5714275159954
6746710332996
1120047393628
2765360607276
5379825794802
3972086570834
4104066207116
8569908287621
4162155405993
485637556088
7347777880544
9228251882099
3310001581490
7864574611265
6344225857577
5755188370161
2237079453918
390259092412
3920910108687
42733957292
3305967041681
2403916512581
1412811559796
3744643442945
9123046182499
9933940402039
8350750668125
8879570159815
5325331373349
50729096241
8962823791679
8814644819763
1323413779476
3821300894632
4323118679397
2581371595168
2496608346206
3797971305276
