6886734034820
1004581320827
3694310281899
2850391192887
119057867707
6815947675329
7208901578204
8624703727227
4227780407492
4781005351725
6120011644125
3456950291991
2935940898219
6824911762413
3943651722493
2741064394797
6863633190456
4804832722580
863932273273
8444489522760
5841246817006
2326479845151
7418622446494
5368734395609
3679206697966
1493887839418
2543801769771
4842086182547
6234258522610
7212182967156
2286644147535
1742630952405
3606997705576
6680569893413
4664077981484
1091311183538
6145059424598
8208237766427
3941189657827
1122881680187
916013616528
3895987334742
6832185049711
1311693274328
8838337189332
399837962192
7479583183022
8925427937457
5534705183111
2701868439418
2833100140161
6505053168708
3689588601537
8903467295167
6174242052695
4600977822651
4501637784028
2438944038493
3172537444211
1534800501991
8587072014429
2021397796410
5644251599386
3029872129587
3405139945284
1624666507884
9741027768809
2776853415402
1835954752342
2025781392916
280288544722
3128039487092
3014676690870
7295928963662
194158632811
9788504108092
8082842696864
2383167817430
6360767727861
2565823132223
3736367482409
9953993186599
6076128961090
6477300780505
6029682191804
3791470025100
475652270800
6378286204248
2999001879863
1458303171009
5849541982345
9081460026786
2520363145212
8499292258959
235700595225
401576906809
8377607037378
1792799200539
9950395874342
7385458006611
