1468085452030
3467917934326
7600725597473
3438109153018
7594132601706
9379371561374
175218284796
6980694345689
8627899222433
3263647210912
65694275013
8473421971090
7845775101139
602913750291
2450194590884
2251720410245
2742038310300
6828485279152
5715980325448
4670974148160
1194186096877
4999262302605
2598823115561
4198172313333
9207326093132
4360754044141
7387586216313
8394028886322
6920562265242
3497021028229
2707035453305
6975211570840
2731805731131
6931960467884
4486689904072
1118513660
4565355359384
1157690937954
6976316226368
3605704982074
2140354906370
4108260838966
9242446717644
6121178219236
4251341065801
6330344489554
89882069949
5770292218672
8214292755503
5069243302665
2751414266771
9710280903699
2744503816894
2649076492649
8071229708600
8168362427963
6521054856877
7165014262763
4851342911055
9582930637381
611799007196
7308972235196
93982027239
8855848344736
3203924555584
2360781818621
2541480582446
4276806968635
5241020507975
550254958143
973537425598
7266936414126
3697456040863
150511627191
2877938442790
3687299322270
3947739575651
995656761142
4633675544531
5074645890985
2665451334998
6410117591293
4300934220762
9384104007584
4756466305001
7909377194468
8261900014708
1986348021900
7909722892686
6888018542279
9621945919657
9251999782648
8025533551593
3369513600372
1134263640529
4625081274379
1553432169206
7326647726925
5443097419708
4284496799931
