5485266158942
9184568453414
2165272769443
9162740598942
7622841813361
2804304866088
9735397242438
6945759641185
9399710883410
5340722722938
7715620840270
2221150548209
1710002820850
7274647451971
6269772079247
3709357690455
2953658495910
1801459112387
7661634125725
7698829334035
6637075748641
6306446096003
2111105242889
5953650506040
7921634886148
445900765673
5121275154536
1768990283198
3256715449557
331439416637
6308127317733
7508464190561
4701405426312
2353519507984
3476836912301
5143556317108
3867831885651
6150079325099
8100416639574
4115843122960
2322593417515
5165641203789
7927216287361
6353465628604
2081335775409
4766898814678
7422835615916
1141041390872
4263004445761
8065912808318
4193749864279
7466697582308
9919986425195
3352992594238
2540792251058
4017775187881
1719099579313
5647766499166
2343705209274
7982901994587
2107968472631
6058021486392
2198138566711
7237623758744
7027524411238
4863341666602
7391820104857
8588203784453
5728703360733
3057321544177
2651888503942
8052951078081
5889749759157
3610245325586
5518477676577
8008232633420
1785194205330
9580134848324
9199064767701
5746130378260
9652185265817
3047779535480
7246843019863
6657017861891
2090579753355
1625280947590
8288774759344
9244428267456
7235817151961
3038938330134
7719288263266
8090711537125
2294171660112
3774182883693
9273122285010
906882720492
5715749439776
2970775186811
6441521654850
2536624275677
