5298215715781
5041810892699
9628500023872
6945937314624
9255601696732
1465192413619
4732331982824
2596764749446
3398400820319
5331019542974
3545948859583
5614923209989
6668807050426
6398770107353
2440379001122
4236401571160
488152459075
6541013076954
4920585959130
1847900413886
2676490754180
6131100940245
4619272524933
5246284756629
4595302889629
8829943956531
1422761802759
2992688441577
2927131673059
1972778833001
7572897659450
9428324148701
8871922968730
3198520575260
3441644841349
3284356652919
5812908389320
6524924589159
5438777391630
8260384551972
1212713876058
4478193705563
2454711223048
2389847805276
9116971893184
8933500981330
9598156030807
9140166097734
7040640154808
3534725852440
3056220446933
2423423322864
8900288700387
153985224588
3379288706461
4097097061350
1434777238141
9194181162738
6537743974205
1398302146432
6577828651631
952709741476
8284631436321
720843647399
6366367927858
8834341578173
3273099793912
8760498355865
2510288968577
6054333914836
1827292933303
7662228267333
2219798895852
2899100145007
4180490976358
8111449504591
8479390003814
3792020934247
5411003982719
8628476572541
6813225586927
5418277111786
3335518887943
3665651424585
3280168183538
1116754290864
4812529446672
2502409090069
9526722373080
6538637070557
5056051234738
3596148465248
7495378308456
4049331339984
1183188128109
840649644014
9998821665507
2757531334657
5465620861196
8084736491046
