1778566929624
7239421391909
5645877079655
8334932141381
8743473550869
7316967607770
4573713386103
2387484806087
6173853016451
8209668430052
9509961155870
647270553995
4664059575111
7982597123960
1737827364528
8686104536115
2293444024191
4412757783079
5114139166909
6117067816539
9353266818856
7913421899118
8016859168998
7506745798200
4695340447589
5560314771233
2845814928611
1438556038180
5749576950027
6623738078323
8984022353343
3100712471277
7721736529217
7625420423090
4149101811007
2594835253541
8786410023347
3167693997041
642796179807
5797337224164
8676572818918
6718922551896
6954387004649
2061225548394
2318405297380
8254950839005
738715858919
2810487507175
9140588978162
806103674218
2339087339665
7696366944004
561958705293
7985281277494
4848132796852
1975196695845
4643117627114
2576523460523
606493401900
9655508718695
7691675794814
1585661886433
4108444058424
282374747515
8519381202950
600938739527
958136308823
7526426712770
1701253209753
4066616106587
8128763770143
4174463577576
6147136925455
3977398211488
992138016248
8817941199719
1786168003353
1794449027605
5631534993132
7508862913530
2762316789768
5305848406925
696345725690
6409744601271
8709095878897
7831687865892
7148525522906
6473312169818
4737338488942
8324197049602
34221367849
6457361512602
9185290151875
8550938422402
5926346183803
653447448324
6643398952136
1244818639755
5746466710250
8351648203950
