6410634429525
1953870236367
4194958199518
8615256595456
3101461639268
248661606841
9330978189914
4765173058658
9843675853054
5799336404146
3461187616756
7832791987151
3033764239422
3279375874153
4448265082872
7331103825988
1749203337191
9153106109243
3808480875795
7418219869112
2272675208370
729222797471
9488745344375
5862068537488
3094763245733
4142567855243
8629958527620
5309357606223
2960604155069
8839145694903
9851401389441
9699404651577
9631585982794
6483069989270
4416041992457
9002475343400
1866624323994
5260980748876
2339723212819
5339393399389
2923695711394
5093610681403
3310995130701
2029879846488
6198496491916
2590678755818
425705175081
2704131747644
6643364924375
3653599985035
2981149714300
2426878640719
8479086644509
4755409162740
2244395764624
1910753315692
2019658016781
6443217852091
3792413409833
1267969773252
5262900157028
5088292962921
1472580338423
4550455856059
4003641367604
4787175470578
2453100084007
3731167933740
5985407502020
8877025935693
7816690315430
3400043231300
2276502358388
6377142049559
7936072885534
6858312443486
2499723402308
9356302312644
146295548625
3649660496005
3270240905776
1175702082403
2521184429421
8096930305898
4179925510235
8283001227194
3657253296604
8126930734388
486528400229
6366538691925
273787433265
4591214577209
4018057041354
4734431089904
9592464214554
1042825825537
749622988581
8135582696827
440623430719
8035085084819
