7314638046940
9468047809364
8428514408286
2705355038210
3714007925610
7165568995681
6241605326140
5861322681528
2901552927687
2838699882812
7216198563462
5584630311186
4671560086516
6540416285460
4729935766517
645305807
2821744467830
3372080339651
2611027438195
9801664223759
640874771837
2550842991862
4460517573658
4585529341629
2442343290657
6112293375372
4009593248659
9288987020393
3255428908889
4854563351149
8440553094289
567589936092
3547732422901
108964360267
1986557655998
6265726830147
4849018134117
8904471821911
6888660281100
1568139236890
1829842765906
4217365724294
5881155883311
2626795189661
9309746707732
3285672949741
2110871899348
4437395266675
622317122647
8753458045235
1372798871145
3611926053430
9626140881711
2396612849859
5291630240714
6613694859550
8339834977766
5130529152417
5614545099637
1254341419153
2787441932951
4019238096502
8031721433883
4654859050322
3423434883529
8572921887966
8975250302908
37377757944
5725566021769
4003914430853
8183917466736
108118231929
4719697772117
2223821847547
3814477094796
6810319641286
5283881871023
5587769948703
384105976842
5715274344025
6030442708570
373329422569
6053561395897
4639050025889
5946315463615
4869398940623
4057368027568
1679369804025
874847838610
3561760619636
6807882712460
312178876905
9573400443944
3682037035191
8153904895114
1505433962808
307748996402
9676223836673
7782678717955
4464076322746
