9630999576780
1771841917888
5769101644273
3214957787471
5804133656819
6590551509825
1382738946880
5689213269269
2771148172361
4007071158768
1069642905363
8947071449492
8916213834542
5106725143002
9190639856009
2059349388945
1896712867576
9942164686522
5212564416667
5705086031057
5948426383410
7077331364316
3997224612875
4669712620461
6666591316888
2878082690167
7843399372565
1417609927770
7518083611825
8033700767704
1315381404953
9840394267478
5956091532610
5819876932879
5414063446806
9276404619270
8718708363789
3498034192414
1651687963336
1967403179655
4793791348786
6219498956281
9385602639995
9191856230219
7421347970823
5443069511987
8442131181535
3186676802481
8472914667615
4585817655304
40850640749
6173326140902
9160954497539
3774881214686
4649304252161
4377357445761
8277184427294
8296238018509
1988991816425
1482447803923
330211813040
2710291637048
8222992136984
735850574419
2170402410572
3196664357000
4349541923454
809221514048
4505402314992
405959044844
6674521238909
3426368972797
6471651873325
5159659675455
3873207370835
4371710052254
6720021879326
3205749888032
8302227423259
9374960686219
6198250547069
8138027918640
4816594710082
170021675815
5077836814010
1976215755532
6597674608641
4428966460026
5427881785895
5948083878469
2132714603301
9237468014124
1907492508760
5197243825065
2046051782281
5790597671534
7629758185595
4410553479102
3359093994283
5192086355009
