7603173273864
7761956291909
56551588815
6598535617672
1012005915527
6420605922065
2185143644558
6555609246543
6345433073147
7684214226436
7994809953259
4414055759035
693721441814
3785373434478
6363948789168
9440564573883
5619702812353
9519245197260
8557632301887
6426777614085
9227184499444
2916592419603
8662113633892
3062542505007
3371997773394
3510317378856
6612174616221
702759815141
6543123415824
8753744692085
3292136061347
7632822652798
247787305255
1795558395789
7473712815595
7746210562714
9316339272488
7376975777645
6222492966371
7550156017855
4002541971166
70395990951
7190397760239
117852115469
7388295035279
143789096141
9654755391780
4309145739397
8281836112430
3397576175721
7539232525721
1533015526274
8350572591808
7595318220311
7022254713976
8551353293134
4582900958442
2264109547858
9919548954467
1847076245718
1213680294895
4131686254026
6592951962377
2701857562799
3047732535806
6272641791744
7336745108044
9240972060876
1850079211191
5938986517089
1762012572358
1363073701715
5564665672217
1091216259037
8064644427079
1145211913318
7171982893012
273134528996
9474141073728
8439346115419
139330312289
3277670349439
7300005675503
6391409191938
7496540034921
3759835840072
5041200616380
8259753049386
7998442861820
139529591659
942032587986
3363327978154
2200632787790
5028522528068
2234762961566
7133822450601
4467764605269
515212402405
7543157708894
2727264374502
