3614205691800
4482685856974
340361849023
9599313201888
9820141246015
9862963843719
688238817372
8252089915067
726578668022
174692718141
6476680432791
1222341855848
4954486683247
6204292338787
1159877049752
6849446200789
1043539532821
1920162727365
2239660465460
2684825834965
2906762590505
8719662907045
5559472093779
2261832248994
5468322531907
2224644018780
7095863133036
287459662516
2815141577137
6752462161685
9105694057100
6281782772324
4018843528204
2055978311887
2609433953325
3958386213451
6214972969329
8702857151551
6452172848407
5859398652575
517706404123
9071009853401
3876642105103
9119763301070
3435973998146
38123441252
6805032133414
9071156463717
1270231442800
9429383788944
9359301304437
7989440746776
6183465665997
1286434809283
1208267051479
5962125225463
5528761262459
9585199616948
7005239910210
9496446255704
2023560877424
5465342888373
9074222785119
5407926244936
3999995257763
9689167135231
5571894115308
6633442028390
6388842650812
3875701055988
3675902593587
4123454595501
8071946697154
1731893638243
3435192666705
7292792926894
8644811454128
9112555682018
672154389670
5479845946435
4198032765656
8558675059283
4170428400813
3644836544485
9752429999686
9499576305972
3928425035295
474432525635
120254777049
1293670139387
6487138102641
5174023049416
4800298855385
3377302245756
9556951854560
1669428027479
6241553977607
7646464480254
3107963482755
6380804141165
