2022206741233
7856915515524
2636751414093
8351365495241
4025254699160
2121026537685
9038164542506
1394191991984
5640162794566
8793844573899
5250164092567
1587455327530
997884274963
5077449265609
8519038671809
168696157829
9588168737427
7019701483894
3858817052576
2582265543915
31013487914
7644294965184
3398277985332
2979162939434
3593349334130
6141683534496
5671824766200
3016053339561
1912734759285
9775450527007
7286673741405
1806627103205
6760545998187
6873386606594
5229764278414
344849794814
4604475779547
6202763551670
6068409097606
4119291675104
9707770180048
5023372846931
7732399513278
3264997324412
6012283317556
6837697200380
7201991625375
4300139617092
364842707510
6352071550640
4075053066983
567030854584
6946783436466
6224039953947
1128944142277
7952865373377
6943521797255
7073014383288
1317656496623
8606193899579
3397036036395
9229044081299
1480018583169
4184437462663
5487750481020
5857559865781
4821104051489
563832127299
5555042744510
7494462964696
9185840170662
6097324661260
2543309410930
7100629997999
3704986896555
7242893598707
8287946129402
6664590811486
6418770953563
4585980289754
1579461440563
7906830054418
9766850398642
2911643109583
1821275472655
8259108810895
4815910544581
2098150874767
6581342730506
4428535676756
2771295698223
7926844179288
4309300933098
1089187517436
1461820036650
9480711803327
9620566654356
7786099334274
1028562412498
9031052761925
