9301997578245
3734589970505
6371821299440
7943830506410
3333950222351
3839323809311
7571659377570
2916707850657
9262073695793
5811018102992
1957300721396
610748937661
7245037121820
8433512585102
4633512164439
6154860255722
5378893873228
9699734484811
4721459973889
3182300709643
9077970930815
9942254725838
8094545684849
4886123357263
8277330848684
1926590592849
6064374557419
3424998375922
5345033606843
118318493000
8412622380234
272732572989
8932812973729
2963406647836
9970278176379
9859822937118
4662108116348
4664642134389
4435344718902
5627204520307
3149129835366
1872413102083
5843325637861
8614010642386
4966666569168
349039856581
4915606311212
3414577756128
2705130194434
3402308501949
2925221461526
2641262007288
4522044603533
7421805371404
3880553115310
2180786117864
3946625737041
7800399036775
2819300399586
2127314314919
8328846503213
4268074794024
6763366618755
3192272496799
3958510024198
5518257670964
9337823275755
5207108395942
7021926371114
9377919575440
5926012936195
1574905718717
7415369626896
900681956280
796582938931
4900864868331
8618452239363
1848033918572
5004422714321
1555949064192
7376552290800
9717531449010
1169060812156
9522492986817
6163514009683
6677846729445
2060800295449
5467770562126
2357855866828
6390032176363
2731317652211
7474836152930
9302795823624
1867439732601
1049491683747
1031152048358
3194678940946
3928020253588
2234553066691
5669347004336
