7477277165366
1155430435383
8161765175894
6733836518306
1795725819188
4430245290376
2960804667576
197602011661
4418890912451
8898415310590
3983905019526
9577267353926
4461723081500
8461185075128
286327868728
2651843457472
9067310225040
5004545845086
8959089213436
1584828380434
9955906985675
7220616291037
7889199976229
9391401534804
6678370340703
3018055652190
9559827729415
887210867602
4322681591973
990065229695
4691899724115
6717416688363
4529175719413
6822427339865
6780510827224
5585374799112
7671979791308
665900720024
9390953214414
1695327183708
7937352941236
1941849396778
6282693496610
3978908846517
8271177844971
5559286147224
256577566413
5075325773983
4605548817405
7119411918639
1239347245006
8956957505958
9517216142695
3926830683470
1860656961069
7800365066058
2210089408970
5734621146668
5087698576120
8147294435111
5761580217554
8641123524265
1427281598656
749495506790
5303549929756
8868481493792
9266336472765
6876208376055
7811600418066
7986504556631
3767964319597
9782547548884
6968485109004
3960440741531
5559127559740
1966184926240
6504454157873
5150244145505
674248214692
1259639088270
7050169367373
2016314294830
2180624188036
471279326727
1364314592465
6878434167296
7360930622217
9818102110283
2891245167937
339408065064
9600856916191
1903111439523
4429415203789
1578910939932
8749578063547
6264193518397
640781330741
3556478070371
8829326621936
1822681470404
