4118452502091
432618980454
6894802575837
5255181699055
637248384652
1106246230989
6589778560127
500377739527
7238663833415
3180231714550
7670257573559
528347587502
4783370920714
6513581458454
9932294343916
2749737790228
9416846153977
9546667426058
926736363551
6505454100608
7721097003457
5220686987589
2208395112331
7991677577913
4684311957368
6655118130594
2141950080012
9367238483005
5229475542094
6908699596159
561391890805
6334875470592
7718341929321
456660152766
8618728462379
3966870568478
8356044696187
179090730860
6243957629367
4374917537107
8175693605370
1359664761899
4772445406117
4829105447939
360191221611
9128129235958
3675052556990
8602527177821
3727021595080
9490382489887
8180531193706
8330953579838
2170180594647
297120755380
1898859091593
4654838802911
9675596318107
8311533515130
8401384235119
3278074770731
4760503292783
5893638592519
2321851175501
9608749183528
1693233632187
8349440765523
8026753363158
7479926369446
21619579625
7141901423716
5617804413466
7089146780948
6595690716718
7119413162568
5754999803172
1228979289678
3921281477420
3761934010788
4445318735347
4007933204588
3518964028617
960132985732
2479709964793
6923724930122
3056467635079
6130306515029
1691553760344
2494587662263
9264557225376
8095094429792
7397368726957
8162670313836
4517468289912
8444017664456
638980903965
112083720071
596170119401
2643283086544
9561814474649
7227805924643
