2174949019452
8562706804991
1898051205063
6173380678578
6886935541483
8276196182552
5619780182362
1783487194890
7482309542408
9263921652979
5927826755457
1464976422841
8210411696562
9622793976626
6344803599684
1604470270729
9165803286900
6995806679098
4882204314697
2173128515251
1504679603058
3653207382415
2769961759110
8748527369296
1276602162002
8255226544873
1333960355461
1321968516687
56350209187
7154437547495
4449549261528
6844037531076
6082406067733
4685582523411
4922600297943
5391407404075
4270530294769
2770859436326
6219838911347
9444698108198
9908920610278
9079575963007
6307172293157
7544634066605
6355652441603
7770489265127
8188264400116
5050941285371
4918888811883
6043680888898
4193070958433
2546792954400
101615933891
9060703170233
4887087871441
7426309991100
281493801912
5437624598116
7626140205625
5761430338072
2687353452729
119477862953
1504112923647
2812905694024
4140474596915
8872747567401
205781967052
1404062200939
7139541867611
4964640843424
6034076327436
1449243046079
3769167138446
1183947636589
9206302129534
7356976104607
854016382845
593202855139
9295160588507
4228384131587
5370125813007
3615690317458
4081571819381
7025710227330
519574395079
6007197900527
7018979887694
6146908286551
671023417197
5481496331180
6687275757143
7057168435869
5640960105863
971019752060
1774912212694
3671282006607
8775753457279
6591509819479
6554400694085
1740073803508
