8300570523596
5134340111804
9391532986064
7176807236167
2455634429229
1278236360572
5662928902676
1312818687551
6624593488293
8753981692151
7725326352046
9200439781202
8820980815381
164846429620
9099128214237
619400902776
6707300499538
7053020236280
7195784797940
9773209056835
8018043028152
9609751383964
853348847710
4540085733503
2245574389857
9192969779736
9981308768270
5600587162438
5210436974464
4876227271029
7964866823935
4797914785568
6852520095832
9417724584038
1286454892878
2377750118393
7084510616304
5684938046938
3559282882239
7936176906120
4468464815170
6116047081861
1424238643301
3884698707812
9798106773833
4542937997623
381912635025
4607230294681
4021499238525
1819302668148
9736903818961
7039386909144
8702209536071
7111302011442
2199454072933
7489329768656
7532333580092
6600246535480
2414448103817
6400427121176
6048457664491
1838786562878
1853024967107
5283022577513
3189331855338
7583069587802
6195215461755
5908890736310
6640240243292
5038446304887
5472086019312
4675190233437
6058320441761
2877808656118
6912771141018
1110518453012
9318853110894
5471500626188
9335557885604
7384910245649
1163118182801
267824201880
5382147827663
5730587562207
5925556363845
7758982829623
2743707654230
2765733149680
2622865336971
7369735687521
6107293081519
9259027932002
9552377428430
4730707655669
9742132384867
1982862962442
9789388469547
8773778393087
1100256814177
4716655336620
