2499706874008
7878882257366
6010212069621
8401813453939
2811269671964
5788987870225
6862667714280
961099013789
9670473233070
7149415461830
4442676285223
5205723946218
5269408075410
8328586187094
4706373726435
7612969548654
8620786789600
3545102987012
8348064271929
434010216321
9222312204247
8979208566308
8088153590222
8166925253694
1554896120882
4761703937137
876272491024
4937724894990
7568617031086
7699222400742
907721959794
9432538819341
1529411297248
941607960936
2022707607867
7211111491569
2908657023409
6256688975146
5480813425372
5250764677472
7241376164751
4912369519893
8886156785863
7385478515163
3332761830218
647520600116
913450808045
1496406535872
2915884426891
5921540389061
49673802798
51505258388
106767211134
4895197857063
6143474600188
7947140006812
1264382026312
6999233147670
1362244787167
7044060799865
8918938645260
8542353932585
5753047874453
9130786043426
9478797006893
9149027658892
23751383705
1069037965071
6846381531600
3789706042631
5389883616860
2359772527777
9828532385433
3866039946902
1468803110121
4825073463795
840005392833
7390583736705
2314795474684
1647664280568
7393030091658
4229778765764
9565756786030
5068273762078
1881017090916
4472983452595
5748890930840
7853611345341
9447147318391
9149662154972
1985304178967
5893014757338
7858525317091
200354389353
6691740235708
6497462667476
2713828163673
5408580887396
7330933880370
1476878403446
