5662386344222
1132090884995
9051815452817
3195250079901
2873825618174
9649777734884
712388928890
1146844629432
8753210656973
8275341757377
6376891696376
659609401943
3091716103855
1818140599510
9859155103862
9740857748191
1768210035379
2604182686034
3644739317454
2699428366069
2132534059452
7305276277412
546228992926
220209285909
1758467566101
8060735613650
8591204724815
7779143573580
7038246518956
7782680432348
1841971144109
2605172656710
2139960393760
6939560800180
4639229589743
5514547094727
8240302381752
2668471718652
8538266714238
8979487492330
7655417276069
2263100758639
8714901841204
5795446117375
2788488824187
5719967056386
1845913751118
8076127607791
9544799034205
4842471875052
6902440478212
8005739551316
2031834743885
4194987141781
7400121522017
2963709670306
7103600094561
5622663760615
3802436824475
2893308744085
8826660835958
1476429321350
5040627919497
921220781007
4599738493683
7204532628559
3939768328327
6771115644227
60513023999
8258085272205
9676447407614
3020072000283
1143446028467
7106753786589
6081966948870
9804015578669
3734175731898
1970160230742
5487002347154
3597559704600
3536357247649
7796598179218
1226629244060
1409754917696
9439766138169
416377934158
8446139644789
7320031315241
2055537293121
4727566658666
7892895660774
2898144652129
9143262825122
7919505542242
1617194849731
333176144011
4573506483745
7091401323185
2773205472020
218118282017
