1153440232300
1608645402410
6921106469452
5926302235218
6138981843618
4682787772938
7001381052204
3639700517202
3478966222533
8646584228327
1784849378608
3524800068721
754960172475
7261320171352
6038050760630
5206336033019
2704903695370
1607450731894
9806774121023
6246118023523
2153914502828
9020510330822
5571426539843
8138779288287
600702733111
899812037267
715286554832
3410629578080
9346924807705
931976098308
5486227690347
9554625606193
39507497433
1628147233719
1197910657513
4530277957390
9779922030087
9819023218555
9941041437351
298345329917
2684821525215
6988411654620
8599538079158
5209623281120
6012453672270
6262257263232
2403493983305
9785301036325
2294444714982
9750154665838
1687390745650
1299026590204
5048544382863
349012888479
7921894073562
562420277789
3149627421533
925468025544
3556556227915
923380494721
6054613739142
7592452403507
8700455082457
2380557330979
3718912901136
4154356602863
4373139071422
793652734875
7782740427034
7010140333116
7907953382490
5400975605969
1447012880617
9690025658887
8624930264798
2872045493364
9289754443098
3341238211541
6868865428598
2915036037922
3125175857641
4954508193373
253627520440
6559706547562
8802663523716
2910884357285
6743571770548
7362749180362
3729861777364
5156348413900
1877446948650
8783530603960
6778691281050
9108616286565
9392488979851
1625396595847
6643758117413
1667238986087
532358939376
3499940724116
