7875889592479
9134888317196
1434613016233
8601094620837
3509889802261
1392525820361
8917451786715
9619718085342
9433431401142
1011771549628
418163593981
745558977140
3131587714763
5180120489096
9922597312740
9964056610629
7662547449289
3987235785272
2397269878201
4062657071886
1773754733897
8511854337464
7616467913457
8680662017054
9428715918116
5810927477293
7853523750216
7384929176145
5105376675054
4649720987013
2202549369366
371807544756
9693220928552
3298551191488
4979050476002
6547519214815
1490240089267
8598367070326
7834995230725
9795020649816
5789469340919
5572292952549
9484212103164
9107662832548
2362144302608
9850137809706
1001811714838
7523264151605
6970738532804
9281613885898
8440242794976
1714319418554
8355625951454
8870630212188
9410800483040
8276124872942
8092079121785
675299433599
2593419782771
7346683339865
7204949472217
707748944227
8726598901827
7112342358309
2627744452606
5637625279733
5755345765564
4119517731128
7944074569948
6222205874664
4738488449966
1994454453737
584829135328
8635574653358
7568419751868
617515335439
1400455782577
6914498205452
8636990563547
9872751653437
4616089441330
541641189407
293549325726
6044808539212
5939989188115
4605930877169
4518241023065
8937303682336
7081829169912
4655984426802
2088173159427
1445398302085
3159605341545
3512145570238
7477708002630
7493258935528
4681094020451
9853659013400
5529606681283
9443590432436
