4455181047984
5957177313273
8586095975100
4179843968731
8320716023138
9075687642491
2460864930690
6541075796923
9477590256156
4812550343248
2525490742629
79689430267
7899856618435
4417598395275
1786667614104
8507323406606
9521913010369
5046215019849
957824186156
9581555348300
3318228211831
2659930319255
3406596089419
1434409867133
2753728716354
9718425003186
1834799071767
6207899999668
4683392841000
9183483062360
7263172230934
1726227267816
1860369390022
3586453062093
6386080573831
9373489391662
4562394902164
5746989392470
4079785268954
6427999919746
7413556424719
7456938932463
1560378604900
7412516147465
508085476760
2801363686595
8970945625995
6611084765766
7677866678014
3232431646024
9091455844451
3652773914040
181984583214
1321382082141
6441485442010
3938480476252
1924421106874
6800854141378
8088362555770
1342539419784
5305155578713
1364058418431
1254982380657
1473494757103
1912818806147
3932484854642
2425545437835
2190755872000
950481109295
239429799079
9334871733515
8360833464080
7143069018185
6710485228809
9870281617216
7172166675390
8774772396022
2019796447146
7896954384877
6855639014413
138403050414
2339459902806
6543229436702
5877813917249
9638370085845
1308559410772
2799026474469
5058395682009
2802599178073
9451651377369
8548255166853
2125531129224
3159147913987
2994225160203
7753315100806
3319261417835
4137835311962
2385174218508
1528750166303
9005639624790
