206925389054
5388427249943
9989257208012
369260135489
1470364121595
7560363687304
6144295271544
1325902170723
9881860431056
3031581684680
416052411927
472730950906
4330906800227
7827592709341
8592443618754
9399572188880
8223375571626
4074368814784
8816853076922
8492227029331
4107562256770
448173108054
9021627177950
2037254135327
813202607828
780454050041
7776459438361
3428229720496
9985594409798
5325930756088
5237482443633
7411957809211
39955495011
938673508819
8304545736341
4599003284385
7426216450200
751670600203
2947878381109
9739328477929
5964403566689
4709209422627
1163873513864
9976861354963
4179095042213
5759694908045
4211695068150
3540679049832
5040771890405
8293790461852
2201286484376
297455171903
248121240908
8982085484291
1416320298575
6433870027413
3639867422377
549832529302
8160578100531
9304443487972
6792646094963
1838936566630
6295318700419
7439299726497
6744126518697
4987187579465
9818939092537
7671916839327
8383448028493
4722014384728
1471548833360
2250239624856
2417624352189
4014637325546
191409212185
6220173699150
7404014213897
334314033286
2047161703718
706104663052
3556017537049
1701368215667
7115411794494
1113344009321
4269384336357
481650123739
5270462371747
3750302289755
708669724916
1113585780407
8187090489690
1942048440116
7344344245986
2263199214661
7804433368247
2214499762653
2582675926066
7680640742492
1820757076862
2566519392016
