60296300580
4396199301446
9043200240999
2562428969627
8740239101783
5981998116931
5221904519028
5405391566012
615687865636
7221640757457
5677423163436
3230302545697
1098513690166
3305042818242
3533187242751
4127233737241
6781987700629
1085199490701
1216026411144
1328741816264
211504098567
1781341191239
8444594987238
5570294582280
8825539813695
2953199993314
5594119457320
4887403523331
1578673417764
4883364294930
5275408059119
3502869118778
1035777423644
6831795328401
3611454921218
999007366935
1824747381300
4617022110886
531556880873
1618027750403
6585305960357
6617894443045
7335554616319
3763947667684
2636642832544
8356665242502
5037412341968
2203939545416
3520821476292
9885673048414
6841294610989
2063814347486
7131648210217
7050311571666
6705755969728
1668060431897
6328995313267
7532416684692
1943453517431
6859013598082
948267533753
2154452106270
9290854101076
399589178141
6544485023197
3660602728785
1058948637008
5063330715608
3027681752141
6050002211453
962903667717
9205410188818
851308575548
1357127193603
1619463777033
7990046199560
3716245230953
1569635931634
3998387789899
2338062469039
9844526061924
9611418053676
8821621399569
6024684722242
7131141699611
4425421274041
7547245546409
3762713609928
276664788406
597205814871
926674935156
413467513750
5546335859154
8590399471974
1281573353054
9021175543903
2756493285413
5828455523504
3504003361914
2916776541034
