7882736396173
9765438778309
1770664039829
6597628076281
6895738943101
1336117949251
1344507794346
9063373216311
7184060069936
7445239414853
3586475316797
2970654234925
771751274409
7621216353441
6854477345752
8647126681872
8571097955129
5060689318202
619094044769
5021630288870
2653037645679
9181539347590
9212981606506
6535786886591
737015082553
7863395642194
356874720455
5358457735079
3586231185668
4513023796062
5211033562827
1318920328403
1742338548448
1674255204083
2773577918159
8580011150094
8925090121196
1879775409792
851362942604
4045612358234
1094721896022
2081102813280
9587024933917
6817401297983
3033068196098
7715644660855
1213517674597
8163512600822
1865543917698
5766941309477
7082328668482
8729385148182
8771145561386
7810217431962
1862310222982
7824590988098
6964657414353
2043456355177
2235917723680
1123063983917
9124853871594
4907493163954
9966356561720
6549507037432
3138813558175
8747080594876
1439221328884
8421963046138
5030305411266
3273312314264
2312160408087
2406410674109
4942772212797
2621705424846
7125465954321
7459812505868
3378471011432
2518439913260
6014423115837
1432203440178
3463773533060
5052122116348
7287344023615
1187176246393
828768266736
88460972488
1985743511084
6030549400355
5416425144730
7163617237922
478332438709
2666849169924
4668399319889
7215426936456
9798220611194
847339616909
4516193078276
7092169727729
7098866430693
7389750064998
