8794401342414
1800075053945
1623193029905
8319558527235
7298706418129
1378940688062
4638150708940
7831251360007
6166268711800
5574051460193
9274829370673
6948606859120
7871065313738
8160666569253
4937263104699
7058892071332
3910133375380
807374007524
3134138261767
2812820867981
6797067726469
7392105863982
7917836772344
2214750604472
3441449093788
72614345835
8184875276224
413221550435
718599261976
2854153844462
3758867777227
2620793582861
1657713572189
5940597238299
1491389311471
1688359129940
1980401036785
5418501812012
4515230942581
6087598150981
3015494951624
4798895524582
1796383258689
4204943678526
4410395689400
328714032598
566431097495
2475155487599
8281978429655
1034600924563
4360316635165
321360791298
1819219408631
1005736871802
3977118998531
3158814455212
8758513145422
6476835880776
9355932468388
3418795950919
9310003424642
1581886389698
4085057901104
9251593337807
2493557298371
9316718414991
1719750915123
6171446748003
6564640823638
2966524937493
1380379105870
7462820643357
8465435905616
3400013897147
5406574429382
4313789532566
5991530367748
4375036166251
1897182967027
8860388828750
6016271353017
1372385687002
6024940682949
3299217152371
1252275972153
2873079371625
5404596910014
6477869628480
4838036044141
463483265653
2995970430497
59602897016
9959171437687
4566857807821
3070067202601
1172567699455
1936318361582
5076953978028
8444918624846
5660167703798
