8821059229992
2089988349616
3394547610822
4192993088116
5980542034364
929028537262
1937497208000
6287868119440
3701521873772
6001149278500
2824798043683
4285527490006
6488218645865
6691981283404
308676280843
3908462489789
230312669149
9177786860922
7937687160321
8403876229614
1721167960597
2741230301858
886044798195
6589505618427
4304891374974
1915375903060
8999123175096
3760986107258
1227262985237
2962527943956
6362549831557
3927214327057
7692795064819
4139258352263
6545675584961
8015034813780
4630073377745
2217242675787
4968701553019
8063200575691
175392258308
4402553608535
7419942254208
2769731820444
1640792975087
2197379332428
8062044143569
5627770480120
6896294687810
8060472322605
675724509373
6654593429720
3693544001256
5013883008067
2059301805902
135246886838
5940855517051
5810355321980
3833256667240
530458745441
9531419040187
8146101851781
1928340326569
6657583973014
2604827217575
3387918524071
3941249566568
5889195068414
3933148973365
4452253656354
4233796277413
7896397268015
2828739934519
4786869653153
9146850260649
8496576644065
2770374399682
1696145552716
3250835521359
3027409714191
8968609703052
374787464001
4994312588322
5475857266648
1634221997767
1171145979010
5232096059364
2929122828067
3671869109498
3574693996425
6951082589677
7161471056637
5005300635340
4990843564706
7345680407898
3066231830848
6788892511873
2784125084741
2544520241905
5848987075404
