2958231675864
7753116084174
450478390927
2104094998371
6716747697297
3261783983261
5727267570731
2726932743910
7331052918940
6270305917430
4503006961699
226410494473
5251784839989
1802005349484
4660954719823
8700478925971
1442866365884
6623671200681
4939283506356
8063082643220
4292336575082
7562254242722
3288625389261
2684437989965
8877220135963
2274143840788
7951392766055
8444255198675
8937029533018
8676408219864
9507065747750
8528942483301
6416764217907
9603617759769
5927229548070
9370142847078
6102412421139
8267527408030
8322580777945
1079702202160
5888942353187
7367778674795
2991035231149
6356761354446
784678234524
3512133248820
4531338659121
7718670033483
5406754883259
9249064846626
3273716887149
1315675023422
941946528720
6680935606536
3323634680985
941757090110
2632616385317
5537072772921
8541329551564
3987308917573
5797405077480
8065213202165
8794736120180
8273579091449
2750829848233
4170975082796
27083933314
5969564352426
529080696872
1936480325765
5889674877438
9650372013180
7841763957029
1541103122949
7964354173986
8961907764150
8282273320454
551958992567
7920786485890
2753558227606
2493428850659
2881974184536
4863349938165
7981453061630
6162736665031
8928003873657
2241818574887
1760738866864
3268655102999
3422609426354
4538539706285
7701609805260
8944861682108
1152389292220
4547410875246
6962381412466
7658540693919
9321440286894
3111401141133
8965971216529
