598467755936
1991548787119
4879031520110
7613895836447
590981301671
9276607055632
1010152988827
9708002536852
4643104708634
3324952759784
6246760795920
5322401927205
7822003496923
5912011686219
6508600200615
7934025543577
8194062988963
2540707687054
5979938527947
2803467373459
1354773249346
4675195045759
6276445837986
8414151004293
9971798304093
6613298206631
9070555560498
3357772645186
2552613107200
5691873883434
7612998407384
6458155804910
9776614274297
1388963570970
9670847367002
3131465956354
8318330125855
6613614275743
1494743665015
499959757270
717979289627
5462812036694
2825556393830
1605746393993
310792243048
171195732298
2614956726946
9451544155158
2694410348640
2480959392814
7746028636677
6806441625660
1335993714488
7271856581201
2838876773095
7549299763073
1702244201904
3780154498179
7535936811124
6330996692283
2987431006723
6114353862206
4868519687115
1761332432450
8426735023940
378711184468
140235065633
9930491876658
9107488519547
5504919490201
9810886701549
4658759403486
8466836806606
7223467213891
9403552967550
8136848948157
1845461639426
3499971239278
5378313643830
1688734601538
5941815569933
4105147961842
7375971661212
6853663262496
3221322269747
9681218557414
3885953622299
3505447933071
6221472342747
1564497880408
1583018964029
180962287077
9649582429920
6403195119515
2119520029699
2672616421068
1670495280427
8153659510311
7353886598344
5222821613704
