4466858003161
3640694711798
3554856583884
9822596672095
3132835240161
7584232935946
4529414896653
3581422069673
271939920736
9627542162651
8190463576973
6250863752433
2080436362695
3257657377557
3837674690531
7024527535741
6433003356253
5920330278236
7010399296697
1377402148373
3620411200178
438826286803
5158198495307
2469750462699
1117336423018
4924986679032
1493225502638
8460865619719
4056223025059
6058711226422
5841817816479
261500240662
2457819677874
1232263484200
8873833511980
3919710772734
2022825137946
7516526534945
5518044137152
1504098295253
9827670161559
889885415854
6483519172182
1669850105510
1502081628004
1217009765275
8796516083823
9424877205774
4205397636888
2853271813073
9977041498733
3005045107440
6539245166129
6767819088048
2470000761779
8863150467248
4819193996464
6590670222135
4056578366393
4664692637852
7382990983217
882847072659
9156416287643
3633832148422
7156263210809
3514410640573
7424071970716
9526719546700
3618697594099
3566291794205
5619893653448
8565881977416
580178744453
4642478543934
4306039899162
9408242496726
5050739653836
7271399936048
3590942592787
263600397734
8192101392987
7773892793105
3851106083274
5763094963313
407754385143
9199367464147
2241454423354
1104873851429
7115730956450
2927391111679
2079879361057
8091368411067
639306338457
6768605648486
1620591437047
9697491780458
6644370280710
4276408753307
213523303865
5102578921635
