6977683161566
8369892707816
6451944168889
7269434837598
6772975787074
4139082235969
5753173058975
5194556945254
3531530516470
1134890466641
691897911434
2903127748934
1721170059733
9384037401519
3182515066628
6638425310328
6011581322535
5841454327526
5569531617924
803216789761
2319121616026
1320661283124
7488856295370
856783204627
2403326585373
4831845664028
902376572432
9615239127371
893973635443
3539303740547
5567575050936
4055535088067
8998764596477
4255073535975
2111593520135
4903969306645
6459311400890
4072537924943
8389562305097
1017579900725
5487458344647
7980025059912
3764454518106
7795109517687
1474616269860
7517960313936
3639837635770
6742691636956
6840548127436
8020008826310
4025978197250
7043281999228
2508533129607
2913342325151
1806882181265
3094079674702
9292443909013
254509851691
7637995180176
2252783157566
1078679873083
3138476612690
2642980653707
291927751593
3239662301825
8904012211528
3771468813970
5691808636508
5184961233393
2696661421638
7678680675640
5531733953164
7472425308531
2797724638787
7841079413008
6269465343252
9228570929178
6117882446256
5711447445064
76233922555
3636331620461
2053528480605
5396622469013
5659688490932
9473804171781
2535030893537
6979823657641
5197755310127
4730325523162
1670634179563
8492341703714
3054548865365
6398967187095
8274910438602
2625298916078
9656110622251
9740047084029
8428042792714
3213250843932
1367093708487
