789422932050
690652475888
5335445806482
3472389677461
8261839517006
7416824406837
2476582813483
224086321920
991199385598
3571259067954
9339284129303
3553384653169
6582457623900
2960867413865
1517633277255
866300135981
4803398901670
6209300812385
932122072900
4352549726852
7710902139532
8100453874947
8412614351435
9620694317509
3848330913160
9124614940469
7579650515835
3911316000943
1076365021032
4535808220261
3339172683567
1853707607488
2506320148366
3675841960476
1039157374875
8615410528459
4146255878908
3084748271519
809791574696
8563864277031
4130643494037
4677656885191
4341613286734
1476332273220
9208444880544
6157894935198
3329162145359
8589003057946
7240377305730
5816439549036
3817024507248
8168996386513
9982646444482
9391954488067
4121528834896
6154186771057
6355877331120
6485265894822
7510348298792
773178649292
2466587393922
3356923595808
8720901746423
4712664292488
4420361207115
4799367160107
6831842160815
6003455498680
4883766430026
6929350442172
2046912385058
6719849128332
6448015528203
8737281093426
9732879280681
5212538952466
647226645514
6163828216130
4217671446648
5054444120223
7927419632273
6461669338776
7412199471481
8277358526956
9560939950656
5328379786468
1149562119860
8639306769887
8024821938977
1308269955946
4214634117062
8895401341302
5227594373167
4115999962588
1791469026773
7020590797464
5791467419887
1245787852517
613925821479
352694454758
