1785485 149263 12988495 112917 21927 2305 27149
12445123 186321 117130805 174877 2293 233003 213981
3050932 197570 17077702 19348 23064 21434 22522
2018202 15588 1707910 1375776 2316 2782 2436
1211055 1113323 18935301 11380275 2371 21887 2405
323120 1114682 110219360 1128588 25394 2830 22460
3240347 127067 12671349 1115901 2569 2879 21489
629291 134187 15406689 188457 21333 27011 2459
3992605 12987 116848801 126933 24955 21323 21631
247877 150633 16521273 1191509 2527 226867 2697
229930 137816 110004558 1312130 2128 23130 2374
3539541 11605 13390695 1538313 24223 214191 24167
501575 138413 15429691 116033 2249 21239 23813
95034 134708 16798354 125266 21410 23516 21240
2113764 1115302 14434406 1319480 23614 22060 230
41145 1117233 17514585 11047201 2607 29435 22569
3141544 1136302 13503290 1219452 298 23632 2546
1362492 152272 114283740 1117062 2580 24002 2614
228655 176965 11220077 1104645 22445 2249 22017
2856610 176236 17443700 1118722 21386 29330 21946
7683423 16069 119238871 1825991 21581 24293 2331
2505786 163972 15131574 150274 2780 25652 24484
749729 1312897 11430871 1331047 22449 23097 22023
873645 1271921 12258237 1208227 2841 27839 25619
87886 1283230 15541234 1315652 2274 242592 24836
1048448 195446 18354226 1580512 28638 26876 210
3804695 1141149 12323501 1278551 21077 212183 21913
4499226 156080 112272252 1353114 21698 27942 2188
1452896 12538 111121714 128972 2104 2438 22448
1182930 1124404 17998004 1169852 2368 22694 217926
4797494 147080 14148542 169634 22168 2128 21390
5480021 119571 12365053 1261787 22861 22475 2241
4165727 1256029 11117715 1120535 2383 216355 23639
396739 178003 12294255 159989 2473 220449 2653
306981 1119043 13970371 1435225 297 218283 25501
1273605 1157091 120333591 1168811 22279 2207 22913
280907 1408485 112254445 11188165 22153 22051 21579
6458505 14095 13816701 1136619 2703 28113 2827
174256 1160224 16419802 1205290 2134 21528 22258
959775 12111 123735961 1815639 2283 214589 25819
916936 1167478 136941934 1109040 21408 23118 2666
256980 1255026 111880614 123482 23068 22900 21190
764567 1135283 12710819 1246205 25581 22429 25933
1912934 122634 1720180 1540534 22 27710 2938
1229891 124043 1136877 140287 2989 21825 21931
2905139 14131 11586687 1312865 21701 27121 21081
12739803 1188865 17233275 189365 2381 22851 2663
402882 12120 17397054 125498 2918 214820 21766
668100 112148 13726274 1279598 24868 23604 21188
6105961 15485 16803965 1985999 2967 218321 23241
416867 151631 125463161 174811 21489 2487 25029
1973081 183099 124200557 1668815 2543 2837 21799
851531 155849 12671581 1246635 21829 2355 28627
448131 158201 11374821 1350143 23123 26101 22375
3147636 146244 13027944 1435216 25542 24684 26542
342245 185707 110955727 1336609 22681 281 2479
12307881 1286515 12691255 1364683 25525 24351 2745
65899 1129739 13944161 15963 22225 25205 251
29718 111654 114821592 138552 2440 21984 22078
5442594 127526 11001212 1425072 21758 21742 282
2525991 157007 115275951 178537 21299 22159 22449
703796 166242 12218406 1895590 25458 26080 2766
23423240 122974 12011686 1662892 21534 24852 21192
3766626 1139064 111749636 133952 21728 2756 2774
2479567 173409 11417159 118457 293 25477 23041
496453 169797 11792705 114405 23787 29813 24375
58573 1173811 11825141 1139541 24165 297 21347
87236 11802 139982826 1390354 2938 21038 238
5957570 15432 116413870 117052 25156 23834 2630
272527 1135535 1582053 1387109 231 218331 2585
4085305 190191 12954831 184719 2667 25591 21197
1828806 1230280 11904346 1670052 22364 2516 24466
362537 1164875 13898811 1252579 23449 26851 23193
237531 13401 16640479 1373025 2177 25833 23097
1519672 198918 122635490 1873534 21212 29684 22498
5780083 183807 14615127 1819265 24301 24907 22045
1058134 1327620 1697878 1125438 21968 21318 21210
3409227 154499 1672395 1129631 2113 28529 2181
465394 162990 17926456 122088 2238 24516 2910
1890429 1106107 16430645 175171 2893 24355 22551
1811205 1266427 16497857 1142167 21923 210457 23701
1291730 152878 1825736 11059800 21714 25954 23208
512236 118686 1529940 1407706 23628 224116 22446
3403233 169953 14104549 151609 21729 29567 2267
1079711 118055 11829 1733261 21429 2987 2879
2170911 140231 120742659 1600855 2925 223563 22407
6387201 1274199 12462875 178637 279 26163 2773
1821147 134183 16513729 123649 23709 22187 23331
2163944 117132 17953050 1359582 22276 220902 22810
713778 169020 18385322 1647788 2110 27852 224
1176961 152613 12598075 11014105 2693 2169 23493
13341652 178578 18850896 1317480 22802 226796 21680
323013 11945 11875195 1577241 295 23003 22077
2345254 1114608 13673062 13830 23156 23560 26166
2229160 190158 12397034 1305616 2750 26752 2946
1167972 13212 12077524 1360084 22000 2854 2862
1074429 1471713 13792711 1422647 2441 21403 2983
799341 1153941 18895005 1125081 23443 224147 2167
483368 1120322 128118856 1570770 246 26512 21304
87817 1174775 13972609 1368271 2123 23945 24215
30110873 125965 14789071 1445339 25941 24663 23297
1068260 191990 112818244 115822 21390 22482 23164
1445591 167971 13113711 113689 23061 23015 22563
1192193 193253 17396615 1123625 2315 214115 2985
2796241 16969 12066909 1155819 21349 25119 23737
2802029 183097 13363075 110179 2307 2201 23277
1823748 195012 12365022 1253716 26840 212766 21170
316578 1119446 112342700 125598 214384 21412 2846
933550 12092 19548218 11170610 24108 26512 21646
765801 132205 16529995 134227 21537 21321 21211
1665667 1196901 121700927 176939 22431 25639 22061
76497 1108427 1854503 1119299 21291 21967 2101
2372635 1158207 120299855 1758529 2765 27691 21961
918363 133069 1143783 1130833 21039 21921 2785
2613564 130886 18536522 134176 2858 26642 24230
3892102 181936 12819130 184630 21234 2288 27732
11527644 1116508 18401364 111150 21220 214372 2410
101366 1119224 111864454 1194348 23108 25766 2912
770809 182425 11293553 1486735 2211 22229 2681
300116 1102334 12510228 194386 2480 2576 2668
2350493 16681 110445145 150073 25307 28037 2703
1355678 181116 117818876 1414836 21598 29588 2240
762378 12966 11768358 1180032 2270 212174 22154
370353 1157221 16420625 1251527 23287 29349 23977
418943 110765 18867451 1148665 21011 221547 2387
15093 157169 13817879 1270797 22351 2605 25159
2808449 161155 13830537 177181 24375 21131 2715
1036596 19268 15628600 1282940 23496 23802 22586
850714 19714 12472280 1555878 22182 218404 21302
1436699 155759 19691939 1162683 21831 231711 2203
89330 14036 12984310 1188440 23124 23990 2572
1953559 1226903 19950277 126989 24505 210685 21725
8366902 1101498 11852890 1450366 22858 27714 21246
1161164 1195240 127936568 1149420 21926 21726 22316
8513057 1249883 11060047 1829531 23399 210543 27
1062600 110262 11071600 1165944 2682 212290 23690
189086 173284 14527574 1159676 2538 26890 2150
730282 157038 115879012 1126474 22908 210042 21718
1952994 191392 12535540 1193152 22364 21316 21058
703328 183702 13025120 160592 22308 23884 23054
548073 139561 11316517 127173 21855 21721 22687
198093 123617 1689349 114971 2593 23153 21089
3328501 1843 14438595 1169461 22001 26805 2101
13415961 11009 126490089 1229733 21063 23005 22979
3053940 173070 19424118 136302 258 27530 2554
623898 1314 1913910 1177124 2432 210188 27648
701869 118535 125126275 1891299 22045 244637 21057
1191986 172728 13202356 1166436 22992 21810 2158
1762121 137001 12697475 160509 21663 21349 2295
6464254 131202 11859304 1957022 2884 22176 2744
2264281 1120887 121548393 147513 22229 2719 2239
55996 145146 110037496 1157322 21872 2902 22356
1421976 159594 112348372 1271466 21072 227904 2754
814591 1314545 119889513 130851 2111 21007 2635
24112277 1158325 117524267 1414211 22283 211177 21853
4880143 161609 12072221 1218167 21695 287 23261
10024382 158342 14779272 1190266 25124 219164 2536
3356172 1109338 17127650 1201840 22526 27964 2382
3011778 172006 1338608 1180876 21466 28390 268
5526987 152133 12090647 1653953 293 23443 23299
1332933 165469 123936425 1343063 2787 23791 24433
1095937 196657 18348413 159803 21571 24423 2439
483024 110752 12944542 1119782 2824 29814 2124
26472 119510 1351640 1468090 22528 23212 22874
466363 1126455 11683773 190999 22715 27009 21313
431912 116328 155202288 1208252 22018 2214 2626
2358972 190564 1830612 1730458 21864 23738 23158
1387835 158717 1846051 1197835 2417 29275 2285
3808744 1106966 115735686 1229734 21484 21452 25458
670084 1105788 133904462 1177932 2646 21842 2584
1098412 117446 112181262 180700 25748 25370 21392
2739549 131027 15162531 1213641 2201 213153 2321
998864 1359396 115708032 14368 2460 21310 20
4477319 1101001 13841807 110001 23031 28465 21313
1174911 121117 111891059 1549515 2407 2487 21417
2244688 1140218 11202342 1506212 21292 24698 25562
2545700 1122700 12109888 1205854 21440 213364 21198
481260 127664 1531428 1206042 21752 29040 21000
6818516 14498 11725978 15176 22718 21076 22076
8922312 1238192 135878564 1242174 2870 21750 21618
2027047 12793 1474793 1270015 23089 21909 23737
1717337 120019 11006957 1129447 2553 22433 2279
411084 171768 17522066 179698 21036 21222 26646
616357 174733 11451681 1425653 21187 226963 2305
921495 1234033 16144255 1576513 23793 2601 23083
6024315 1475889 11629595 1124037 2931 29175 21975
654671 143325 17945175 1197767 21351 23443 210153
2736976 121032 149304406 1302784 2570 23136 2426
5707957 1167583 11112579 171529 2129 23923 2705
1194112 113978 15722290 1126642 21858 22378 2412
1459353 18531 11687787 132163 27479 2363 2785
916886 174688 19465576 129592 22104 211416 23792
191045 170463 11395497 1640955 2991 212415 22877
524345 111561 17112325 1424865 2491 219527 289
2076238 190988 16007080 13944 2464 211544 21734
425590 19736 1525366 1139344 24006 2836 21708
852377 16409 1173109 1210421 22009 218925 26213
478571 192933 16940267 1970989 2147 23793 21619
94387 133877 115697067 1125431 2555 2995 2501
665519 148821 14775499 19681 24339 25927 21729
5608450 187044 1655214 1795808 21540 25586 21234
1361225 143331 16364725 1213615 22739 29813 21425
3500077 158487 12537563 11229 25393 21835 25665
16077936 134614 1976168 1252812 2290 268 25994
2193995 12967 18930499 1268811 215 21691 22789
5900414 116352 16400126 1198870 21474 2700 21708
13043007 147817 14326213 1107871 2423 21287 23265
85701 188789 13264529 1386011 2135 23643 21419
2385034 1149814 123618966 167548 22322 23870 22118
594584 173306 11242892 1461514 2372 23122 21756
1503063 17949 14982563 128749 22925 26321 22035
5833004 131370 15366350 191488 2748 21236 22128
782591 1184253 122709833 16177 2945 216133 24441
1766385 121661 1379797 167583 2509 2503 2735
129671 122565 11575561 14835 21663 2973 23267
584255 1377079 12378279 18161 299 221159 27875
2971485 121635 12829015 138805 2873 214207 22797
144032 147174 112297066 1773596 23360 25376 21830
422236 159594 13529096 137400 21028 22420 21190
760302 146374 113806258 1202752 21328 22418 21462
479637 136505 116746249 126093 2997 2293 24379
243509 14233 12183995 1162471 2869 21361 225
639272 13594 13450624 115592 21422 22016 22984
11052653 182883 11956535 1119131 255 21975 22143
1773718 144072 18078038 1221504 21284 22170 25998
1575615 172197 15752303 1114343 21667 218007 21311
9410506 1184394 13152402 1147034 2190 23748 2888
1542627 1339 120261587 1213763 269 2641 2467
4341071 1168057 15020449 1355711 22339 2217 21485
11845234 123664 19102620 1223624 2946 24772 22390
4944387 1346419 110203367 1143391 23853 211611 27903
4673917 166053 11467067 1187719 23703 22487 2927
4817091 114301 117624045 160327 23611 22981 22235
431755 173535 18641481 149357 2699 2443 21397
48848 1139776 18596004 193996 22074 29846 24898
640223 125947 126270373 1145057 2401 239943 2509
6702155 144259 111656133 177345 2143 213827 21309
2936450 149696 120276064 1295574 23432 27878 23152
649078 180914 13226778 1315364 2308 27946 24570
2411252 152698 167850 1370918 21000 26182 2224
3943482 15294 127239988 1100624 21926 2688 2332
1423038 187832 12135406 171630 2414 23228 234
457766 146014 158416 122912 2508 210736 2526
3181345 169003 1447257 1315393 23181 23293 212787
932012 135160 19392728 1309794 24644 21368 23120
177711 1106389 12070669 1171789 25351 222907 2185
2824109 12593 1539181 1422129 22461 25673 23727
729994 1100672 13921028 1394778 22232 221404 2852
3250986 1457522 13437824 174854 2238 24544 24562
18491 14375 19202597 118049 21455 22941 21177
520857 144239 14078541 154677 255 221841 25511
6477740 114518 118795456 11091306 2536 23712 2894
5519372 151346 19340222 1118182 244 2226 24748
924396 178456 1700738 16690 21596 21036 2876
1167642 113278 18316966 199280 23178 26566 2576
7029564 131124 111057868 1398434 2304 214270 22318
2274942 1147858 12741816 18188 28 21908 26620
752408 1105208 112659284 163960 21084 2772 21134
1291352 1200764 18467010 136310 2740 28290 21332
37297038 1194118 15761436 1789840 2146 258 2280
501269 125781 13110567 149117 22037 2159 21409
165724 111238 13198504 1242944 2786 210872 2694
71504 124444 13006558 1545692 24116 2908 268
1202103 161859 11213177 1733861 21089 210025 25773
169171 124187 1919261 119269 247 24471 23631
71880 123092 1846808 1845938 22930 210482 26700
2850765 161323 13924085 1646973 21255 215459 2523
413720 152890 1209010 1466744 2104 29454 21364
422831 184313 1522401 1187945 2167 22707 2273
5162043 173789 114684129 1277927 2709 25423 22703
1830391 153279 120300363 136231 23031 2399 2393
9841217 1206695 16664303 1213513 2229 29845 23905
483366 1135590 12467648 1180734 22546 21316 22214
2245001 176885 123914533 1232125 2333 2657 27443
282232 1141048 110477570 143826 2358 21022 21496
133168 156070 16667880 1106332 24030 2438 22134
3532229 17049 18643563 1148873 2345 228967 21587
3160155 136735 12251471 1109049 21831 214449 21427
2315424 1251386 1968396 1291928 26358 26774 290
322836 111550 12636486 1580578 2766 20 21132
1296431 1113107 12158477 1141769 21981 24183 21167
7769475 1270317 12792813 1334665 22491 219921 27227
3560289 1220533 12518905 1305323 2113 218661 2147
1467929 139829 113226279 134393 2645 24769 23367
499564 122142 12721600 144486 23058 22624 2274
807727 193445 16162329 1375719 25087 2655 24859
17790357 1117475 17715575 187989 24917 27175 2313
8671923 149491 126863 1180831 22587 29863 2833
252594 1123616 14940170 1255022 21748 25662 21116
191280 1178494 110858622 11560956 21650 26624 26992
102399 156199 112921119 1799437 2107 2689 22021
5346146 1227882 18469932 1195982 21912 27212 23214
105632 124176 18080996 136504 21036 223056 26306
1482037 1138525 12073779 1549015 2457 22615 21593
612261 114475 13487547 180611 22795 219125 21497
2898952 1150052 1101932 181170 22964 21920 2522
4353424 1147346 12048860 1193188 2352 229058 274
4987773 124673 14743469 1218515 2723 211645 21559
795981 19909 12510313 1133045 251 211151 21007
6887666 184504 125054 128504 2150 26342 22296
20586 160962 11109798 141156 21420 26104 2622
920508 1281780 14650178 189868 21686 24390 2894
301414 1576490 18827220 144900 2296 27184 22702
154391 178049 15429385 1135969 22667 24769 277
3884780 148268 12637188 112732 2434 22986 21732
425026 14822 13460672 153156 272 240404 21168
1344939 143655 1982155 1191899 23397 25023 24715
1878385 117467 12296117 1209805 22799 22397 2947
1684517 1176823 11814731 146009 29543 22929 21493
2803558 120954 14157914 1826646 2620 22292 2728
4315211 1144887 1559595 1253865 22541 214039 2179
2342936 1142916 11033432 167634 2210 22714 2242
637964 185922 1551738 146218 2692 28220 22318
1254710 116522 1256144 1604 2134 213512 21132
5469575 1156277 1762663 1278111 2499 23415 2177
2361372 1239066 132082830 150374 2576 24966 23230
3407130 1934 18129356 1729164 2786 23612 23088
493390 1128432 13510690 1434914 21378 27384 22050
1917590 139638 11344348 127052 21608 25440 22754
6870088 126844 111791016 185696 2580 26284 22694
615725 163525 12072973 155163 2329 25333 2151
512222 187972 13075248 1308784 25888 2360 2936
988294 120492 19402328 1227716 2734 24616 22652
158082 1149242 13044400 1294654 2436 26016 21444
3701643 117925 14094325 1121925 2815 21293 21121
1746552 1265120 116285008 1159108 2942 2614 21142
4575558 195650 114134684 1612784 21398 26604 2344
2079498 151968 15338340 1463702 22054 22710 21472
23974421 171433 18544449 1540201 21723 22421 24175
75945655 163083 13114943 1267313 21929 27545 2691
720596 1163494 14332608 110502 2452 28538 22208
652933 14879 115193257 1340193 2853 220747 293
3024289 155771 11635141 1962899 21209 23019 21663
580113 16061 14011455 1265019 21701 213723 22889
808736 179666 158762 1125324 21374 23556 24456
113265 157139 13225799 1102455 22911 219329 22795
1257363 1107675 13027113 1182165 2737 219533 2445
2955195 130829 18166541 1241005 2557 216917 21211
2159924 1176526 1388744 1255950 21018 218970 23326
6340178 1231382 15197670 1409538 22790 25058 21678
1627240 112370 18616644 1104342 2950 210144 25222
5844699 136601 170205133 1121477 22597 27103 21319
20800363 1193883 117976011 1314323 2421 2439 22373
113119 182019 127978121 1390711 2631 25533 22347
1937729 124103 16033475 1280451 2873 22623 21131
1957291 1218033 15272043 1133315 2617 22857 2415
4513421 151351 1450103 196253 21023 2151 2933
30254 16390 1923186 1333538 21930 22484 25298
484239 15547 18124945 1103293 2871 2145 21721
2877145 13357 17831145 145245 2311 2175 26361
754230 17240 12754310 1137382 22214 22334 2178
8639675 168245 11547033 1699785 273 22717 21409
5394443 152195 11808465 1379633 21385 2245 22469
905472 1930 1601192 1261094 21758 23812 22490
435123 185301 13164935 153221 21025 24413 2343
1284397 131837 131084295 1960181 2793 26069 2795
2006611 193819 112263643 1361723 2871 25869 21725
190846 1185390 13762244 1519944 2370 24060 22460
577637 145011 1269405 1279917 2647 228587 22483
660388 133924 113361906 137326 2264 21080 2362
5703706 128212 1159594 132322 2342 22984 26622
11052724 164678 19098670 19310 21074 29620 2562
842008 142730 12180570 1327642 21062 23950 21116
1061498 162112 14710348 144460 21162 26768 23006
1410098 1246168 11398716 1388874 23732 21878 22656
184399 111293 15179137 1579005 21503 23921 22153
4540908 125630 15486862 1511528 2304 22868 280
12366993 142689 1378397 192173 21123 211799 24391
1868621 1105305 114153759 1505657 25187 235917 2285
4509786 154990 18930660 1278654 21362 24614 24610
148613 1114541 1259251 187139 2667 224677 21647
1675607 1230741 13376669 138327 22261 21223 23215
2175671 130553 12236555 1177083 21575 21013 21701
2638315 1103653 15686537 1246837 22615 2239 21007
517641 1170967 11309593 1167545 2749 29581 2863
334037 167303 1417837 1457389 22155 21301 27779
633549 1122963 16420185 1226473 21659 29857 2201
841075 1206019 12770103 180445 2417 23797 21527
6896089 1141769 137772031 17441 2175 222967 21725
4833778 162254 18075668 150010 2356 24220 22120
698580 1194168 18247820 130390 2332 28750 21546
202033 132561 126233051 1447933 22285 2631 22907
91038 1178344 1235826 1333642 274 212542 21524
1252508 140224 12339244 176816 25672 218628 2102
6265581 140743 11319465 122855 21283 2641 24293
1817438 1101488 12094332 121914 254 25338 284
4747208 188234 15515510 1603664 212 214162 23308
9795847 149709 113930283 1325809 2181 28237 21189
845185 138405 110011127 1123235 25577 24833 21263
4257549 1275509 15066807 1126393 251 211571 28299
6709615 134963 1963277 17981 2257 210289 21451
6424751 135537 13543945 1111965 2727 28369 21641
541572 138128 16614474 1641472 2448 211222 21504
2774463 1150917 118507875 1107517 22609 29081 2235
8601235 133537 11209313 119269 24439 28511 21541
2586606 151588 1829466 147890 21006 28762 28386
605749 1110173 14515953 123369 2653 2735 21701
2502909 153667 19571963 1146839 22435 28773 2113
134782 1111902 19426788 162152 23440 2482 21146
843733 176265 18527349 132979 22355 26163 21539
229795 167089 18828601 1320303 21341 26473 210627
402198 1478844 15204822 1265994 22992 215492 2554
213605 141201 16314445 139983 2703 25927 22829
1998726 1275748 1342686 1190818 2806 29964 21006
1202681 148477 14694767 1334293 23039 23157 2409
1526562 160816 116464868 12694 2830 213088 22628
2069178 1155290 129960108 1274456 21086 210290 2116
373981 135175 13691915 1378743 22175 27395 21471
2565598 120098 115807756 145140 2830 23366 23660
2699109 112711 1997875 17383 2381 213059 27793
1405935 13701 13102923 1457717 22473 213815 21603
732817 1170629 12630523 112931 22259 2243 23521
637291 1261049 14114211 1205219 2293 25717 24757
75683 1137879 1856265 117201 21623 29917 27283
2966164 132394 1170468 1101862 21118 22436 296
1382021 1152445 1986541 12281 21197 22645 22703
64345 161081 1556835 1128995 21741 23313 23
5936937 115011 14776839 1448279 2601 2943 21457
2342835 152783 12188587 1651 23339 27329 21709
687455 1142713 128392569 1136915 2403 2227 21377
151397 131247 12162463 1139773 2161 21213 2415
855749 13081 12088119 139405 21731 216459 22541
219233 118665 19579483 196303 22193 27793 21075
2097928 1347872 13601718 1447636 21532 21270 2862
2568388 184570 15965328 1262022 21300 2292 21126
144722608 137488 17339228 1287712 2216 23548 2198
1677296 125656 16389820 1242432 23360 2388 21182
2670123 147121 16750697 1624839 2303 23159 23273
3422240 1121284 17182248 1115532 2382 21764 21022
1839438 16876 16168734 145668 28010 24196 24728
517396 1346134 112404040 1154742 22974 2798 2876
770756 111156 112599372 1393502 2150 25424 2232
166708 1154460 139280 19740 22154 211976 23920
1001460 150094 138937896 1361660 23964 2304 288
48606 129468 124069776 1105508 26962 21628 2950
1401574 1293172 11337090 168312 2450 21924 2642
218286 133184 147554 139332 22690 211072 21596
97647 142165 18932627 1300593 2321 213929 2709
6694984 193162 1926950 1167810 21554 21158 24748
105713 1117321 120267887 114717 21037 21137 21733
914060 180792 15835528 1179098 2742 22342 21586
6164668 136610 12333538 1197278 21820 2140 214
1914798 147696 13046230 1405956 2282 28838 23638
230051 153967 124406285 188659 22907 220999 2647
947644 11124 110442354 137558 280 25524 2914
643347 136991 188853 1182455 21259 22829 2317
26384 1111548 112755946 19978 21184 29046 21838
290426 139526 12963470 16742 2336 2708 2258
18453699 164467 124255715 1361617 21815 212879 21267
3043323 119893 12266081 187819 2105 210915 22485
8338849 168329 19930227 158281 25899 21255 2367
1299371 13151 12984365 1144279 2215 21913 26307
1189283 124921 1738403 143597 237 211861 2941
538939 116461 12895469 1770505 2119 22011 2921
433117 139119 1767693 1380301 21401 2369 23765
1064457 1335227 116909597 141365 25091 29441 23277
3940930 1263452 13513400 16700 21134 25802 21418
4237649 1162817 11637243 14509 21363 24419 25795
229241 184173 1185735 112335 21843 21941 2741
762055 118339 19157673 1190197 22313 23441 2679
2021945 163721 129750153 12333 2119 2639 25907
1205192 1240180 114129848 111890 21990 211976 22046
257279 168715 111349543 1323167 21531 21435 28195
1671204 160488 11925544 128188 21132 24002 21056
720896 137594 132884364 127556 23840 25294 23304
15639652 134638 11003972 1182212 2238 24520 21172
16804 1166478 15429672 1191336 20 29174 2344
252557 129111 15025331 176751 24005 27573 21547
999302 171532 112385826 167656 2352 214012 2136
2583559 1176731 1292673 1209717 21635 24481 2321
52186 19500 13658752 1423346 2956 23606 218
9937635 143011 16933613 1115673 219 215771 21315
7414634 1101442 156482 1242684 22368 21292 26448
35390832 140950 114568942 1547282 2360 28276 2454
106613 114489 110455741 1190715 229 21133 22237
2674203 1236521 1308345 141195 21075 22215 2489
11059 1174923 11792547 1329783 22553 2287 21307
6189020 1284242 11136872 141982 2196 23190 23890
402902 1148654 122817266 1144082 21226 2558 2168
1610170 120128 110430 1415388 2200 27666 21088
731433 133687 120245541 13719 26609 24339 23299
142052 162602 16145318 173092 2634 22436 2218
1818941 149905 12008865 113955 24265 24631 2347
1537122 118326 17308390 111886 2922 22982 21286
1536237 169289 110229329 1199689 21537 29 23071
95824 117368 113227324 197334 26048 27010 21146
20997 1197507 17699647 170875 21063 21917 21109
2111018 151472 11907836 1249710 25146 24234 250
1962018 1269636 175162 138834 21650 21836 21490
436256 1529406 11768828 166764 25910 24796 21912
4144705 136855 1837609 1547571 21499 23227 2769
386165 1103093 1419181 141729 21003 24803 269
366322 137940 11538722 1342258 2416 22764 2204
183256 117778 19949120 1101526 27714 24908 24174
6834970 1345202 126967106 1427720 22322 216576 26802
1079532 131550 18197638 193092 2472 21022 2790
6553384 198966 12346982 11216564 2106 29858 21564
108716 125432 115359996 1519068 22012 221466 2946
1650234 135922 127671910 1523940 21952 25376 2996
1627798 150000 121493266 1350280 2748 21280 22202
