0 159 117 116 2800 2751 2757
0 158 114 115 2793 2741 2759
0 158 114 116 2826 2733 2775
0 160 115 116 2825 2727 2740
0 161 114 117 2815 2767 2738
0 158 117 115 2796 2727 2764
0 164 114 116 2799 2765 2754
0 160 115 117 2794 2758 2772
0 161 114 115 2814 2754 2765
0 161 114 115 2816 2737 2766
0 161 115 116 2823 2749 2765
0 158 114 116 2824 2725 2766
0 158 117 117 2834 2745 2775
0 166 114 116 2822 2791 2784
0 160 117 117 2827 2812 2770
0 161 115 116 2826 2721 2792
0 159 116 120 2833 2777 2762
0 162 114 117 2821 2760 2784
0 163 114 115 2817 2736 2766
0 159 114 119 2824 2780 2772
0 159 116 115 2833 2799 2774
0 165 116 118 2822 2739 2744
0 162 114 117 2811 2707 2772
0 163 115 117 2838 2717 2767
0 165 117 118 2850 2742 2758
0 166 114 117 2822 2781 2773
0 165 115 115 2810 2756 2774
0 159 113 116 2842 2745 2770
0 162 114 118 2825 2733 2785
0 163 114 115 2818 2702 2763
0 165 114 120 2807 2821 2780
0 162 114 117 2816 2736 2763
0 164 114 116 2828 2807 2896
0 163 117 119 2965 2808 2764
0 162 115 116 2799 2715 2735
0 157 116 115 2815 2733 2776
0 159 115 116 2837 2756 2772
0 159 114 116 2827 2774 2768
0 157 115 120 2825 2770 2752
0 167 114 116 2806 2745 2778
0 160 115 116 2810 2734 2771
0 161 115 116 2811 2741 2764
0 158 114 116 2801 2694 2749
0 159 115 117 2813 2758 2754
0 159 114 119 2794 2679 2730
0 163 116 116 2848 2689 2756
0 159 116 115 2822 2747 2760
0 158 115 116 2807 2735 2761
0 158 114 116 2795 2776 2752
0 156 114 118 2819 2774 2801
