672940209396
86799591911
837167139073
344752945422
660386023869
404838129353
20076419424
980000618107
744725528692
456572820665
233081405594
434719688491
471855920686
40343758333
231248013371
991046353238
769350915572
832626860032
504481929688
118525032597
701834528387
434258816570
307238212884
890935947374
405660887775
913078317853
124139394886
61939543702
922267461659
414032999844
815522964073
337512600652
495726118869
423779713019
214249595226
569584214658
627313330221
390284265949
894142480136
891276319357
433454648938
813688950917
114558151461
816922789543
570037448130
348205801128
2972903946
280557304457
655329015660
324094387055
80149604473
911746431631
466718843373
245610490672
925844537777
291083526920
894085848908
360532801325
40239099343
302839885992
52501005414
212072326017
169948362700
240382828805
887281608800
174867966240
837138916100
630000965704
536093973345
917183323752
166818783667
497099693730
387656126075
456122878971
567978740273
875834024432
967484541242
192538842705
800268704372
158690196236
439898901768
721555842770
694530437773
215871254580
414039450957
177564424764
653428983745
479758784069
697127338998
406427415423
851171292585
393332219049
959020534037
4382458170
742639927182
866666305716
169653094796
158485270574
821233362192
270752561652
